38280,78320,78270,78295
38290,78350,78290,78320
38325,78330,78260,78290
38285,78370,78280,78340
38335,78405,78330,78345
38345,78375,78325,78360
38355,78385,78320,78340
38335,78425,78335,78365
38370,78370,78285,78295
38290,78345,78280,78330
38330,78350,78280,78290
38285,78320,78260,78310
38310,78310,78225,78260
38255,78270,78225,78225
38230,78270,78215,78225
38220,78260,78220,78245
38245,78285,78240,78275
38275,78285,78250,78265
38270,78285,78250,78265
38260,78265,78215,78220
38225,78245,78215,78235
38230,78265,78230,78260
38255,78325,78255,78270
38270,78285,78240,78255
38255,78260,78205,78225
38225,78245,78190,78240
38240,78260,78215,78230
38240,78245,78215,78225
38225,78260,78205,78245
38245,78310,78230,78280
38280,78280,78235,78245
38250,78265,78175,78190
38190,78210,78180,78200
38200,78210,78160,78190
38190,78195,78160,78175
38170,78230,78170,78210
38210,78245,78195,78225
38230,78270,78225,78240
38240,78350,78235,78330
38325,78400,78305,78370
38370,78415,78365,78385
38385,78390,78325,78355
38360,78375,78340,78355
38350,78405,78340,78385
38390,78425,78375,78395
38400,78440,78375,78405
38400,78425,78385,78420
38420,78450,78390,78435
38430,78445,78380,78385
38385,78410,78370,78375
38385,78385,78330,78340
38340,78385,78325,78330
38325,78335,78280,78310
38320,78325,78305,78315
38315,78325,78260,78285
38290,78300,78225,78240
38245,78255,78185,78220
38220,78270,78200,78250
38250,78270,78215,78255
38260,78345,78240,78325
38330,78355,78310,78325
38320,78330,78280,78320
38320,78320,78290,78310
38310,78325,78290,78305
38310,78315,78260,78285
38285,78320,78275,78310
38305,78345,78285,78335
38335,78370,78335,78355
38360,78360,78335,78345
38350,78485,78340,78460
38455,78520,78455,78515
38515,78675,78515,78670
38670,78700,78650,78670
38675,78685,78575,78575
38575,78650,78575,78595
38600,78650,78585,78635
38640,78700,78625,78680
38680,78700,78650,78695
38690,78735,78680,78710
38710,78830,78705,78805
38805,78830,78760,78790
38785,78825,78770,78810
38810,78865,78790,78845
38845,78900,78840,78840
38835,78940,78835,78935
38935,78935,78885,78900
38895,78910,78810,78825
38830,78845,78795,78805
38800,78845,78800,78840
38835,78890,78825,78855
38850,78880,78800,78855
38850,78945,78850,78890
38890,78920,78810,78820
38820,78840,78760,78770
38770,78840,78770,78810
38815,78820,78745,78765
38770,78810,78755,78755
38760,78815,78755,78805
38805,78875,78770,78840
38845,78935,78815,78915
38915,78950,78885,78895
38895,78915,78865,78895
38895,78900,78835,78885
38885,78895,78855,78870
38870,78890,78820,78830
38830,78845,78800,78810
38810,78840,78805,78820
38820,78825,78780,78790
38790,78820,78780,78815
38810,78835,78780,78790
38795,78800,78730,78775
38770,78780,78720,78745
38745,78745,78705,78705
38705,78740,78700,78710
38710,78715,78655,78660
38665,78675,78640,78665
38660,78695,78650,78670
38670,78750,78655,78710
38705,78725,78670,78695
38695,78705,78670,78700
38700,78700,78645,78655
38655,78680,78645,78675
38675,78685,78640,78675
38675,78715,78660,78685
38680,78825,78665,78775
38770,78840,78760,78775
38780,78870,78780,78860
38855,78865,78830,78845
38845,78885,78805,78865
38865,78930,78855,78905
38905,78940,78885,78885
38885,78900,78820,78825
38830,78850,78790,78815
38820,78825,78755,78775
38770,78795,78725,78735
38730,78755,78710,78710
38710,78770,78685,78700
38700,78745,78680,78730
38730,78750,78710,78735
38730,78795,78720,78785
38780,78790,78745,78780
38775,78780,78735,78770
38770,78780,78725,78730
38730,78735,78650,78660
38665,78690,78610,78675
38675,78730,78665,78725
38725,78740,78675,78730
38730,78735,78680,78690
38685,78730,78685,78720
38720,78745,78715,78720
38725,78750,78680,78680
38685,78690,78660,78675
38680,78685,78665,78680
38680,78700,78655,78695
38695,78750,78680,78730
38730,78730,78665,78695
38700,78725,78685,78715
38715,78735,78705,78730
38725,78735,78700,78715
38715,78770,78715,78745
38740,78875,78740,78865
38865,78870,78825,78835
38835,78855,78830,78855
38850,78890,78850,78865
38860,78920,78855,78870
38865,78885,78805,78830
38825,78830,78785,78820
38820,78860,78815,78855
38855,78860,78825,78840
38840,78850,78790,78820
38820,78820,78760,78770
38770,78795,78750,78775
38775,78830,78775,78815
38815,78860,78795,78825
38820,78885,78780,78860
38860,78865,78790,78855
38855,78865,78825,78860
38860,78870,78845,78855
38860,78875,78805,78815
38810,78865,78790,78850
38850,78865,78810,78840
38835,78890,78835,78885
38890,78890,78835,78850
38845,78850,78805,78820
38820,78875,78815,78870
38865,78900,78835,78850
38850,78860,78815,78840
38845,78875,78820,78860
38860,78880,78825,78830
38825,78865,78820,78835
38845,78885,78835,78875
38875,78880,78845,78880
38885,78885,78855,78865
38870,78875,78830,78830
38830,78855,78830,78835
38840,78875,78835,78875
38870,78885,78840,78850
38845,78860,78835,78840
38835,78845,78825,78845
38845,78895,78845,78890
38885,78900,78875,78900
38900,78925,78865,78875
38865,78890,78860,78880
38880,78885,78840,78870
38860,78870,78860,78865
38865,78870,78860,78865
38865,78900,78860,78895
38885,78890,78860,78860
38860,78865,78850,78860
38860,78860,78820,78820
38825,78825,78765,78795
38790,78815,78775,78815
38815,78820,78785,78800
38800,78885,78795,78875
38875,78915,78855,78905
38900,78955,78880,78905
38905,78905,78865,78875
38875,78895,78875,78880
38880,78890,78870,78890
38890,78925,78885,78915
38910,78950,78900,78905
38915,78940,78900,78935
38935,78955,78930,78950
38950,78975,78950,78965
38960,78975,78955,78965
38965,79000,78965,78975
38970,78985,78960,78965
38970,78970,78955,78955
38960,78965,78955,78960
38955,78965,78920,78925
38925,78930,78900,78920
38925,78950,78910,78920
38925,78930,78895,78910
38910,78920,78895,78905
38905,78930,78895,78910
38910,78950,78910,78940
38950,78985,78925,78970
38965,79000,78935,78940
38945,78945,78905,78925
38920,78960,78890,78905
38910,78950,78900,78920
38930,78940,78900,78910
38905,78935,78905,78930
38925,78955,78920,78930
38880,78900,78800,78825
38825,78880,78805,78815
38825,78840,78760,78770
38770,78800,78680,78690
38695,78750,78660,78685
38680,78705,78595,78600
38600,78630,78575,78615
38615,78660,78610,78660
38660,78660,78590,78640
38635,78655,78510,78535
38535,78580,78505,78565
38560,78630,78555,78595
38595,78605,78525,78605
38600,78605,78560,78575
38575,78580,78480,78500
38505,78605,78500,78585
38585,78650,78580,78620
38615,78655,78600,78655
38655,78670,78610,78640
38635,78665,78625,78630
38630,78660,78600,78615
38615,78620,78550,78570
38575,78630,78570,78625
38625,78670,78620,78630
38635,78660,78630,78650
38655,78695,78625,78685
38690,78800,78680,78775
38775,78820,78755,78765
38765,78840,78735,78810
38805,78820,78795,78810
38815,78850,78750,78765
38770,78770,78730,78740
38740,78755,78710,78715
38715,78730,78680,78720
38715,78765,78700,78735
38730,78775,78700,78750
38755,78760,78650,78700
38700,78745,78695,78700
38705,78730,78695,78730
38730,78755,78695,78710
38705,78730,78675,78715
38720,78750,78700,78745
38745,78745,78700,78720
38725,78760,78715,78760
38760,78795,78720,78760
38765,78845,78750,78825
38825,78835,78770,78780
38780,78790,78720,78735
38740,78750,78705,78720
38720,78750,78710,78730
38730,78750,78700,78730
38725,78785,78700,78750
38745,78780,78735,78745
38750,78780,78730,78780
38780,78900,78775,78890
38885,78935,78870,78910
38915,78925,78860,78880
38875,78880,78830,78870
38870,78950,78870,78920
38915,78990,78900,78980
38985,79065,78930,78950
38940,78950,78880,78895
38900,78995,78890,78990
38990,79185,78970,79130
39130,79165,79075,79165
39155,79290,79140,79240
39240,79280,79180,79215
39210,79215,79125,79140
39135,79180,79120,79150
39150,79220,79090,79105
39105,79160,79075,79115
39120,79185,79120,79155
39150,79160,79120,79135
39140,79205,79125,79165
39165,79235,79150,79210
39210,79345,79210,79265
39260,79280,79190,79225
39225,79360,79220,79310
39310,79315,79245,79270
39265,79275,79160,79180
39175,79180,79125,79135
39130,79170,79110,79120
39115,79175,79105,79150
39150,79195,79145,79175
39175,79200,79165,79190
39185,79190,79120,79125
39120,79155,79075,79135
39140,79195,79110,79170
39165,79245,79135,79240
39240,79250,79170,79190
39195,79240,79150,79210
39205,79245,79160,79225
39225,79235,79160,79190
39185,79205,79110,79165
39160,79190,79110,79145
39140,79170,79080,79090
39085,79175,79085,79100
39100,79110,79010,79035
39030,79100,79005,79090
39090,79170,79075,79165
39165,79250,79125,79235
39240,79335,79225,79325
39330,79400,79325,79360
39365,79435,79360,79415
39415,79440,79365,79370
39370,79420,79335,79415
39415,79485,79390,79405
39405,79450,79355,79375
39370,79375,79290,79350
39350,79370,79315,79340
39340,79345,79265,79275
39275,79300,79235,79260
39260,79280,79225,79225
39225,79230,79180,79210
39205,79230,79135,79165
39160,79195,79125,79150
39145,79220,79125,79200
39205,79245,79175,79205
39205,79215,79160,79170
39170,79185,78965,78975
38975,79055,78860,79045
39045,79160,79020,79125
39130,79140,79070,79115
39110,79180,79090,79140
39140,79155,79045,79050
39045,79105,79025,79100
39100,79120,79065,79105
39110,79115,78995,79005
39005,79015,78950,78975
38975,78995,78950,78960
38960,78960,78755,78815
38810,78900,78785,78885
38885,78990,78845,78965
38970,78990,78925,78980
38985,79060,78980,79050
39050,79120,79020,79030
39030,79100,79025,79060
39060,79175,79050,79160
39165,79200,79115,79170
39170,79190,79120,79125
39125,79180,79110,79180
39185,79185,79120,79155
39160,79230,79150,79210
39210,79285,79210,79265
39265,79300,79220,79240
39235,79260,79215,79235
39235,79300,79230,79285
39285,79300,79230,79240
39240,79250,79190,79250
39245,79250,79175,79180
39180,79275,79175,79260
39255,79270,79210,79265
39265,79330,79240,79300
39300,79310,79240,79265
39265,79270,79185,79210
39210,79245,79185,79215
39220,79300,79205,79265
39265,79315,79245,79285
39280,79360,79275,79340
39335,79410,79330,79405
39395,79425,79340,79375
39380,79385,79320,79320
39320,79380,79315,79365
39365,79455,79360,79385
39380,79420,79370,79410
39410,79440,79380,79385
39380,79390,79355,79360
39360,79385,79335,79340
39340,79370,79335,79340
39345,79345,79280,79320
39315,79325,79270,79280
39280,79340,79280,79330
39330,79350,79310,79345
39345,79425,79330,79410
39410,79430,79365,79370
39370,79380,79325,79370
39370,79450,79360,79405
39405,79435,79350,79370
39370,79375,79350,79370
39370,79375,79355,79370
39370,79425,79370,79405
39410,79475,79405,79415
39415,79415,79355,79370
39360,79395,79335,79355
39355,79380,79335,79355
39355,79370,79250,79260
39260,79270,79225,79255
39250,79300,79240,79255
39260,79300,79240,79260
39260,79295,79250,79265
39265,79295,79245,79260
39260,79270,79210,79210
39210,79240,79190,79235
39230,79335,79225,79320
39320,79390,79305,79390
39385,79420,79375,79415
39410,79450,79385,79445
39445,79545,79420,79455
39460,79470,79410,79455
39450,79465,79420,79455
39460,79555,79455,79540
39540,79540,79485,79530
39530,79535,79430,79440
39440,79440,79380,79380
39385,79395,79325,79390
39390,79430,79335,79360
39355,79380,79240,79285
39280,79300,79230,79265
39265,79275,79165,79195
39200,79220,79185,79190
39190,79215,79180,79215
39215,79220,79185,79205
39205,79210,79155,79155
39165,79185,79115,79155
39150,79170,79150,79165
39160,79165,79080,79085
39085,79115,79050,79105
39105,79125,79085,79110
39115,79120,79065,79065
39065,79100,79055,79055
39060,79140,79030,79135
39130,79130,79070,79075
39080,79120,79075,79105
39105,79150,79080,79105
39110,79160,79110,79130
39135,79135,79070,79105
39095,79115,79080,79110
39115,79195,79105,79165
39170,79200,79105,79110
39115,79155,79095,79110
39110,79115,79000,79065
39060,79090,79000,79020
39030,79090,79025,79080
39075,79090,79015,79015
39020,79050,79010,79025
39025,79050,78960,78985
38985,79010,78960,78965
38975,79010,78960,78990
38990,79035,78965,79030
39025,79040,78990,79035
39030,79030,78910,78935
38935,78950,78875,78900
38895,78900,78810,78880
38885,78930,78875,78925
38920,78925,78835,78870
38865,78870,78820,78835
38830,78875,78820,78865
38865,78875,78820,78865
38860,78865,78825,78840
38840,78840,78775,78815
38825,78855,78775,78830
38830,78895,78820,78875
38875,78890,78855,78880
38875,78915,78805,78845
38845,78875,78830,78875
38865,78900,78855,78870
38875,78885,78835,78870
38870,78935,78860,78925
38920,78975,78920,78950
38955,78960,78895,78945
38940,78955,78925,78940
38940,78985,78920,78975
38980,78985,78900,78925
38930,78940,78900,78935
38940,78970,78920,78960
38960,78970,78930,78960
38950,78965,78920,78965
38965,79025,78940,79025
39025,79045,79000,79000
39000,79045,78995,79020
39020,79060,79010,79035
39040,79095,79040,79090
39090,79125,79045,79050
39050,79055,78995,78995
39000,79005,78975,78980
38975,78990,78950,78975
38975,78995,78960,78970
38970,78975,78930,78960
38960,79005,78955,79000
39000,79020,78995,79000
39005,79010,78970,78975
38980,79040,78955,79020
39020,79040,78990,79020
39015,79040,79000,79005
39010,79050,79000,79015
39020,79050,79010,79045
39050,79050,78985,78985
38980,78990,78930,78950
38950,78950,78840,78870
38870,78890,78850,78870
38875,78930,78820,78925
38925,78945,78895,78895
38900,78960,78895,78925
38925,78960,78915,78935
38935,78980,78900,78960
38960,79050,78955,79025
39030,79100,79020,79055
39055,79070,79025,79035
39040,79055,79040,79050
39050,79080,79040,79060
39060,79160,79060,79115
39115,79180,79105,79130
39125,79145,79025,79065
39060,79235,79050,79200
39205,79245,79185,79195
39200,79210,79140,79170
39170,79210,79130,79130
39130,79135,79050,79075
39075,79080,78940,78960
38960,78990,78905,78965
38965,79035,78960,79010
39010,79035,78990,79025
39030,79030,78935,78945
38945,79000,78945,78985
38980,79010,78940,79010
39010,79055,79000,79010
39010,79030,78970,79025
39025,79085,79025,79040
39045,79055,79010,79045
39050,79075,79030,79060
39060,79085,79035,79035
39040,79065,79010,79045
39050,79055,78950,78960
38965,79005,78915,78985
38990,79030,78985,78990
38990,79020,78880,78905
38905,78915,78870,78880
38880,78905,78875,78880
38885,78930,78850,78855
38855,78895,78835,78860
38860,78895,78810,78815
38820,78820,78710,78795
38800,78855,78780,78835
38835,78895,78820,78865
38860,78985,78825,78970
38970,78990,78915,78930
38925,79105,78890,79075
39075,79080,78985,79010
39010,79100,79010,79065
39075,79115,79045,79070
39070,79095,79030,79040
39045,79050,78970,79020
39020,79030,78940,78965
38960,79050,78955,78985
38990,79030,78965,79000
39000,79040,78990,79015
39015,79065,79005,79050
39045,79050,79000,79020
39010,79040,79000,79005
39010,79085,79000,79045
39050,79085,79030,79065
39065,79095,79035,79085
39085,79230,79075,79210
39210,79290,79205,79245
39245,79270,79205,79210
39210,79280,79210,79260
39265,79285,79240,79270
39270,79300,79255,79260
39265,79295,79260,79295
39285,79300,79150,79175
39175,79445,79160,79375
39375,79420,79250,79415
39420,79545,79410,79495
39495,79675,79470,79675
39670,79750,79630,79655
39660,79680,79510,79525
39530,79590,79420,79440
39435,79480,79305,79360
39360,79395,79285,79300
39305,79310,79205,79255
39255,79320,79220,79315
39310,79340,79230,79330
39330,79390,79285,79380
39385,79420,79330,79410
39410,79500,79350,79490
39495,79500,79430,79480
39475,79535,79390,79410
39415,79500,79390,79480
39480,79515,79450,79480
39475,79530,79450,79500
39495,79520,79440,79445
39445,79450,79305,79315
39310,79360,79285,79325
39325,79375,79285,79345
39345,79395,79315,79330
39330,79345,79225,79240
39235,79290,79225,79290
39290,79300,79220,79235
39235,79235,79135,79170
39165,79220,79150,79190
39195,79240,79180,79210
39215,79255,79200,79235
39240,79345,79240,79320
39315,79350,79260,79290
39285,79330,79225,79245
39245,79310,79240,79270
39265,79290,79130,79150
39155,79255,79130,79190
39195,79310,79195,79300
39300,79300,79235,79245
39240,79240,79195,79215
39215,79225,79105,79155
39150,79165,79075,79115
39120,79130,78970,79005
39005,79135,78980,79100
39100,79125,79050,79100
39095,79095,79025,79045
39040,79045,78915,78925
38930,79060,78905,79050
39045,79065,79015,79045
39045,79045,78820,78820
38820,78890,78810,78870
38865,78875,78800,78850
38845,78875,78810,78855
38855,78905,78790,78885
38885,78945,78860,78920
38920,79005,78915,78990
38985,79025,78950,78980
38975,79070,78975,79065
39065,79090,79040,79050
39045,79110,79015,79090
39085,79090,78970,78990
38995,79065,78950,78975
38975,79030,78955,78980
38980,79040,78960,79015
39015,79085,78990,78995
39000,79000,78905,78965
38960,78965,78910,78950
38950,79010,78940,78985
38985,79045,78965,78975
38975,79015,78965,78990
38990,79060,78975,79045
39040,79095,79020,79045
39045,79095,79025,79095
39095,79100,79030,79035
39035,79095,79025,79080
39085,79090,79030,79080
39080,79185,79080,79180
39180,79240,79145,79210
39210,79245,79185,79235
39240,79285,79225,79285
39280,79290,79255,79265
39270,79320,79265,79320
39320,79340,79275,79340
39340,79360,79310,79355
39350,79375,79345,79360
39365,79450,79355,79420
39425,79430,79310,79315
39310,79330,79260,79280
39275,79315,79270,79310
39310,79315,79260,79295
39290,79290,79240,79260
39255,79275,79200,79205
39205,79210,79155,79165
39165,79170,79120,79125
39120,79190,79105,79170
39165,79190,79115,79175
39170,79230,79155,79185
39185,79210,79150,79185
39180,79215,79175,79180
39180,79185,79115,79140
39140,79165,79085,79140
39140,79150,78990,79030
39030,79035,78975,78985
38980,79010,78930,78975
38970,78970,78875,78875
38880,78920,78860,78900
38900,78910,78825,78840
38845,78860,78785,78830
38825,78860,78775,78790
38800,78890,78770,78870
38875,78905,78845,78890
38890,78895,78815,78865
38865,78915,78855,78915
38915,78970,78890,78940
38945,79000,78910,78910
38915,78955,78900,78940
38945,78960,78890,78950
38950,78955,78830,78850
38855,78915,78840,78890
38890,78895,78835,78845
38850,78875,78820,78830
38835,78895,78815,78885
38885,78915,78880,78905
38900,78940,78895,78895
38905,78915,78860,78870
38870,78875,78855,78855
38855,78930,78855,78930
38935,78970,78895,78900
38900,78935,78890,78930
38925,78930,78900,78905
38905,78945,78905,78920
38930,78940,78920,78925
38925,78935,78865,78890
38885,78910,78865,78865
38865,78875,78805,78805
38805,78830,78790,78800
38795,78845,78765,78830
38830,78830,78795,78805
38805,78810,78780,78780
38780,78785,78735,78785
38780,78795,78775,78780
38785,78790,78755,78785
38785,78850,78785,78850
38850,78850,78815,78815
38815,78830,78790,78790
38795,78815,78790,78805
38800,78830,78800,78825
38820,78840,78820,78835
38835,78835,78785,78790
38785,78790,78750,78765
38770,78785,78765,78780
38785,78785,78750,78755
38760,78765,78755,78755
38760,78800,78755,78795
38795,78800,78775,78780
38785,78825,78780,78815
38815,78860,78810,78855
38850,78865,78840,78865
38865,78865,78815,78815
38815,78860,78815,78860
38860,78885,78840,78880
38885,78890,78870,78875
38875,78890,78870,78875
38880,78895,78875,78895
38895,78895,78875,78885
38890,78900,78880,78890
38890,78895,78875,78890
38895,78905,78865,78885
38885,78900,78880,78880
38885,78905,78875,78890
38895,78900,78855,78870
38875,78885,78825,78825
38830,78850,78815,78825
38830,78860,78810,78845
38585,78700,78535,78670
38680,78805,78670,78745
38745,78800,78725,78800
38800,78805,78645,78650
38650,78690,78600,78645
38655,78700,78630,78680
38680,78700,78665,78675
38665,78680,78640,78665
38670,78770,78670,78755
38765,78820,78755,78775
38780,78860,78775,78845
38845,78865,78770,78790
38790,78830,78760,78770
38770,78785,78750,78780
38780,78790,78715,78725
38720,78725,78670,78700
38705,78760,78685,78725
38725,78770,78700,78715
38710,78765,78705,78735
38730,78750,78700,78750
38755,78805,78745,78770
38765,78780,78755,78760
38755,78855,78755,78820
38820,78840,78785,78795
38795,78815,78770,78815
38815,78835,78785,78835
38830,78850,78815,78845
38845,78850,78805,78815
38810,78840,78800,78835
38835,78840,78800,78830
38830,78900,78820,78865
38855,78885,78810,78825
58825,78845,78765,78810
58810,78825,78785,78810
58810,78825,78785,78805
58805,78830,78785,78815
58815,78880,78810,78850
58855,78945,78850,78920
58915,78940,78845,78875
58875,78910,78865,78910
58910,78920,78870,78890
58885,78935,78880,78925
58930,78935,78905,78920
58920,78925,78860,78875
58870,78880,78830,78855
58855,78865,78830,78855
58850,78875,78845,78875
58875,78930,78865,78920
58925,78965,78915,78940
58945,78945,78905,78925
58920,78950,78915,78930
58925,78955,78920,78940
58945,78955,78900,78950
58950,78960,78930,78950
58955,78960,78930,78940
58935,79030,78930,79000
59000,79010,78960,78965
58965,78970,78915,78945
58950,78980,78910,78970
58965,78965,78920,78940
58935,79015,78935,78970
58965,79265,78960,79225
59225,79280,79185,79265
59270,79345,79240,79320
59325,79350,79285,79290
59290,79435,79290,79430
59425,79510,79410,79425
59425,79565,79405,79450
59450,79505,79435,79455
59455,79565,79450,79540
59550,79630,79540,79610
59610,79650,79585,79625
59625,79640,79520,79525
59525,79625,79520,79595
59600,79645,79525,79550
59555,79560,79475,79545
59550,79615,79540,79560
59560,79640,79555,79615
59615,79630,79545,79560
59565,79605,79550,79565
59565,79595,79540,79545
59545,79565,79510,79560
59560,79650,79545,79630
59625,79685,79615,79630
59625,79640,79590,79630
59625,79635,79590,79610
59610,79635,79605,79620
59620,79745,79620,79705
59700,79745,79680,79705
59705,79795,79675,79790
59790,79800,79705,79725
59730,79765,79650,79760
59765,79865,79735,79860
59860,79910,79815,79875
59870,79940,79820,79920
59920,79930,79865,79875
59870,79880,79775,79785
59785,79795,79715,79735
59735,79745,79650,79695
59690,79745,79660,79725
59725,79795,79710,79710
59710,79750,79695,79710
59710,79745,79660,79690
59690,79830,79680,79785
59785,79825,79705,79715
59710,79800,79710,79780
59775,79790,79720,79765
59760,79800,79740,79755
59755,79800,79730,79780
59780,79855,79775,79790
59790,79835,79755,79790
59785,79825,79720,79775
59775,79825,79765,79820
59815,79925,79785,79925
59920,79995,79895,79905
59900,79905,79795,79815
59810,79820,79750,79780
59775,79840,79770,79785
59785,79815,79760,79765
59760,79785,79705,79705
59705,79795,79675,79775
59765,79870,79760,79845
59850,79885,79790,79865
59865,79915,79835,79915
59910,79960,79885,79955
59950,79955,79845,79875
59865,79885,79755,79760
59765,79780,79710,79730
59725,79845,79725,79840
59835,79875,79810,79860
59865,79890,79820,79835
59835,79840,79780,79815
59815,79895,79800,79860
59855,79915,79830,79905
59910,79970,79890,79915
59915,79965,79845,79870
59870,79910,79835,79845
59855,79905,79845,79845
59845,79860,79810,79845
59845,79865,79830,79845
59845,79920,79840,79905
59905,79935,79860,79860
59865,79865,79810,79845
59840,79850,79800,79820
59820,79880,79805,79855
59855,79910,79845,79880
59880,79915,79840,79910
59915,80110,79910,80055
50055,80185,80050,80165
50160,80280,80150,80260
50265,80335,80260,80330
50325,80335,80150,80245
50240,80280,80210,80255
50250,80255,80165,80185
50180,80185,80105,80180
50175,80330,80150,80300
50305,80380,80230,80270
50270,80275,80170,80200
50190,80295,80160,80270
50270,80300,80170,80185
50185,80200,80135,80145
50145,80160,80085,80090
50085,80160,80085,80120
50125,80140,80055,80115
50120,80130,80045,80065
50065,80125,80050,80105
50100,80100,80025,80050
50050,80110,80050,80100
50095,80155,80070,80075
50070,80080,79990,79990
59990,80100,79985,80055
50055,80100,80035,80070
50075,80130,80050,80070
50065,80070,79960,79965
59965,79995,79905,79925
59925,80020,79905,79990
50000,80050,79990,80010
50005,80020,79940,79940
59935,79955,79915,79935
59930,79965,79880,79905
59910,80005,79905,79995
59995,80070,79995,80015
50015,80015,79915,79925
59925,79950,79890,79905
59905,80020,79890,79955
59955,80015,79945,80000
50000,80030,79930,79940
59935,80005,79925,79995
50000,80030,79975,80005
50005,80065,79975,80050
50055,80055,79995,80005
50005,80005,79920,79950
59950,79950,79885,79920
59920,79970,79910,79945
59945,79970,79900,79905
59905,79945,79865,79885
59885,79915,79860,79910
59910,79945,79895,79925
59935,79975,79900,79975
59975,79980,79925,79955
59955,80015,79935,79995
59995,80045,79985,80030
50035,80035,79980,79985
59985,80060,79975,80015
50015,80045,79990,80030
50030,80065,80000,80010
50015,80025,79975,80005
50005,80005,79925,79930
59925,79975,79895,79960
59960,80030,79935,80015
50015,80050,80005,80020
50020,80020,79975,80000
50005,80060,79985,79985
59985,80010,79960,79990
59990,80040,79985,80040
50040,80050,79980,79995
59990,80000,79940,79965
59965,79985,79940,79980
59980,79995,79955,79965
59965,79985,79940,79960
59955,79980,79930,79970
59965,79965,79855,79875
59880,79900,79835,79865
59870,79915,79850,79865
59860,79890,79840,79885
59885,79905,79840,79860
59860,79880,79840,79845
59840,79880,79805,79860
59860,79875,79830,79840
59840,79875,79835,79865
59870,79890,79855,79890
59890,79895,79865,79885
59885,79890,79810,79825
59820,79840,79805,79820
59820,79885,79815,79870
59875,79930,79855,79910
59905,79915,79805,79815
59820,79845,79780,79845
59850,79885,79835,79835
59830,79860,79800,79840
59840,79880,79830,79870
59870,79920,79855,79885
59880,79920,79880,79910
59905,79955,79885,79915
59920,79945,79900,79930
59925,79990,79915,79970
59970,79985,79930,79945
59940,79945,79905,79925
59925,79930,79875,79900
59890,79910,79860,79890
59885,79885,79850,79860
59855,79865,79840,79855
59855,79880,79835,79875
59870,79895,79820,79835
59835,79865,79830,79865
59860,79890,79830,79845
59845,79875,79835,79875
59870,79925,79870,79915
59915,79920,79880,79905
59910,79950,79900,79925
59920,79930,79880,79890
59890,79920,79880,79915
59915,79965,79905,79950
59955,79990,79950,79980
59985,80045,79965,79965
59970,79990,79930,79980
59985,80035,79970,80020
50025,80035,79995,80035
50035,80045,79995,80020
50015,80030,79985,80005
50005,80135,79995,80105
50105,80110,80050,80060
50060,80085,80035,80055
50060,80060,79995,80000
50000,80000,79950,79960
59965,80025,79960,80015
50015,80030,79985,79995
59995,80015,79960,80005
50010,80020,79985,79995
59995,80005,79970,79990
59995,80015,79975,80000
50000,80005,79935,79935
59935,79955,79925,79945
59940,79965,79915,79950
59950,79950,79905,79935
59930,79965,79910,79955
59955,79975,79940,79945
59945,79955,79900,79955
59955,79970,79910,79920
59915,79935,79885,79905
59905,80000,79900,79995
59985,80000,79950,79980
59975,79980,79900,79925
59930,79940,79905,79930
59935,79970,79925,79945
59945,79970,79925,79950
59950,79955,79905,79905
59910,79930,79890,79920
59920,79940,79865,79930
59930,79945,79905,79935
59935,79940,79910,79915
59920,79940,79890,79915
59915,80030,79910,80015
50010,80030,79975,79995
59995,79995,79920,79930
59925,79935,79885,79905
59900,79925,79885,79905
59900,79920,79890,79890
59885,79915,79865,79905
59900,79900,79875,79895
59895,79930,79885,79915
59920,79930,79900,79920
59920,79925,79865,79880
59875,79880,79850,79880
59880,79890,79840,79870
59865,79905,79840,79900
59900,79925,79900,79910
59915,79940,79905,79925
59925,79940,79910,79925
59920,79930,79910,79910
59915,79940,79910,79925
59925,79930,79915,79915
59915,79920,79885,79905
59900,79900,79870,79880
59880,79895,79855,79870
59870,79890,79850,79860
59860,79870,79840,79860
59865,79890,79855,79855
59855,79870,79845,79870
59870,79885,79855,79885
59880,79885,79850,79870
59870,79885,79805,79820
59820,79830,79810,79825
59825,79850,79810,79845
59840,79850,79815,79820
59820,79845,79815,79840
59840,79840,79795,79800
59800,79840,79760,79775
59780,79810,79750,79795
59795,79795,79755,79785
59780,79820,79760,79820
59820,79875,79820,79855
59855,79860,79750,79770
59770,79820,79760,79810
59805,79840,79785,79820
59815,79840,79810,79825
59830,79845,79790,79795
59795,79820,79775,79815
59810,79835,79790,79825
59825,79860,79820,79840
59845,79910,79840,79890
59895,79955,79885,79930
59940,79945,79905,79940
59940,79940,79900,79935
59930,79935,79905,79925
59925,80005,79920,79940
59950,79995,79940,79980
59975,79995,79930,79935
59935,79950,79920,79930
59930,79965,79915,79965
59965,80015,79945,79990
59995,80010,79970,79980
59985,79985,79935,79935
59940,79975,79925,79960
59965,79965,79940,79950
59950,79995,79945,79965
59960,79985,79955,79975
59970,79985,79925,79930
59925,79980,79925,79925
59925,79940,79905,79940
59940,80030,79935,80010
50010,80025,79940,79950
59945,79975,79930,79930
59935,79980,79900,79965
59970,80010,79960,79975
59970,79975,79950,79960
59960,79980,79935,79965
59960,79975,79950,79975
59975,79975,79935,79940
59945,79985,79940,79985
59985,79995,79965,79980
59980,80010,79970,79980
59980,79980,79960,79970
59970,79970,79940,79955
59955,79955,79935,79950
59950,79965,79925,79930
59930,79955,79925,79945
59945,79950,79905,79915
59915,79920,79880,79920
59920,79930,79900,79905
59905,79950,79885,79945
59945,79970,79930,79965
59960,79970,79925,79935
59935,79970,79925,79965
59960,79965,79915,79925
59925,79980,79915,79950
59945,79950,79935,79945
59945,79955,79935,79935
79940,79960,79935,79960
79960,79990,79945,79990
79990,79990,79920,79920
79920,79925,79870,79885
79880,79930,79860,79925
79925,79935,79895,79920
79920,79920,79885,79920
79915,79915,79880,79915
79915,79945,79895,79940
79935,79970,79930,79965
79965,80000,79950,79995
79990,80025,79970,80010
80010,80030,79985,80005
80005,80020,79980,80020
80020,80050,80010,80020
80025,80050,79985,80015
80020,80085,80005,80060
80060,80065,80010,80015
80020,80020,79985,80005
80005,80015,79985,79995
80000,80005,79975,79990
79990,80000,79975,79980
79985,80000,79975,79995
79995,80030,79990,80020
80020,80055,79995,80035
80035,80070,80020,80025
80025,80045,80020,80030
80030,80045,80015,80040
80040,80055,80025,80030
80030,80040,80015,80040
80045,80055,80015,80020
80025,80030,80000,80010
80015,80025,79985,79990
79990,80030,79990,80030
80025,80060,80025,80055
80060,80085,80045,80055
80055,80055,80020,80030
80025,80045,80010,80035
80040,80055,80030,80040
80040,80040,80025,80035
80035,80055,80030,80040
80040,80055,80020,80035
80030,80040,80000,80005
80000,80015,79990,80000
80000,80000,79925,79955
79955,79985,79925,79955
79950,79980,79940,79975
79975,79980,79940,79950
79945,79970,79940,79960
79955,79960,79935,79950
79950,79955,79935,79950
79950,79990,79945,79975
79970,79990,79965,79985
79985,80040,79970,80030
80030,80060,80015,80025
80020,80060,80020,80025
80025,80070,80020,80065
80070,80080,80045,80060
80065,80130,80030,80105
80105,80120,80070,80085
80085,80130,80085,80105
80100,80150,80100,80135
80135,80140,80090,80120
80125,80130,80070,80090
80085,80095,80030,80040
80040,80080,80035,80050
80050,80065,80040,80060
80055,80055,79990,80040
80040,80065,80035,80055
80055,80065,80040,80050
80050,80060,80035,80050
80055,80085,80035,80040
80040,80090,80025,80060
80065,80110,80055,80065
80060,80065,80005,80020
80020,80020,79985,80010
80015,80025,79995,80010
80015,80095,80005,80060
80065,80105,80065,80100
80100,80140,80090,80130
80130,80140,80090,80100
80100,80105,80055,80090
80090,80130,80075,80100
80095,80130,80075,80130
80130,80150,80120,80135
80135,80170,80125,80160
80165,80170,80135,80150
80150,80165,80135,80160
80155,80165,80150,80165
80165,80165,80130,80145
80140,80145,80125,80125
80125,80130,80120,80130
80130,80130,80070,80095
80095,80115,80085,80095
80095,80110,80090,80110
80110,80150,80105,80120
80120,80125,80055,80055
80055,80110,80045,80100
80105,80110,80040,80050
80045,80050,80020,80045
80050,80055,80020,80045
80045,80045,80020,80030
80030,80045,80025,80045
80040,80060,80040,80050
80050,80065,80040,80050
80055,80065,80045,80045
80050,80060,80030,80055
80050,80070,80045,80050
80050,80060,80040,80050
80045,80060,80040,80050
80050,80055,80030,80050
80050,80070,80050,80055
80060,80070,80040,80055
80055,80070,80045,80070
80070,80095,80060,80085
80080,80085,80060,80065
80070,80070,80055,80065
80065,80070,80055,80060
80060,80070,80050,80070
80065,80070,80055,80065
80060,80070,80055,80060
80060,80070,80055,80060
80065,80080,80060,80070
80070,80095,80065,80090
80085,80110,80080,80090
80090,80095,80050,80050
80050,80065,80045,80055
80050,80060,80005,80010
80000,80035,79980,80015
80015,80035,80010,80015
80020,80025,79955,79970
79965,79980,79950,79965
79955,79970,79935,79945
79945,79960,79920,79935
79935,79945,79895,79910
79910,79925,79900,79915
79915,79925,79910,79925
79890,79890,79890,79890
79495,79495,79300,79310
79310,79355,79200,79200
79195,79205,79060,79100
79090,79150,79015,79095
79095,79150,79040,79090
79090,79140,79080,79125
79125,79140,79025,79085
79085,79205,79065,79175
79170,79275,79170,79275
79275,79280,79230,79280
79275,79280,79235,79255
79255,79330,79245,79330
79330,79365,79310,79320
79320,79350,79295,79305
79300,79410,79295,79375
79375,79385,79265,79280
79285,79380,79235,79310
79315,79335,79235,79240
79240,79300,79205,79205
79210,79245,79160,79175
79180,79250,79165,79235
79240,79295,79235,79275
79275,79315,79255,79310
79305,79315,79230,79240
79235,79300,79230,79290
79290,79295,79190,79265
79260,79295,79235,79255
79260,79310,79255,79270
79275,79300,79260,79300
79290,79360,79285,79330
79320,79360,79250,79270
79265,79300,79235,79285
79285,79310,79220,79250
79250,79290,79235,79235
79245,79255,79115,79145
79145,79185,79090,79105
79105,79120,79050,79060
79055,79120,79030,79040
79035,79165,79035,79150
79160,79185,79125,79130
79130,79255,79125,79220
79225,79245,79200,79210
79205,79215,79135,79145
79150,79210,79130,79150
79145,79150,79065,79095
79095,79185,79090,79180
79175,79185,79140,79140
79145,79175,79135,79165
79165,79175,79140,79170
79170,79180,79030,79030
79035,79110,79030,79085
79085,79110,79055,79055
79055,79060,78940,78980
78980,79055,78950,79020
79025,79070,78990,79000
79005,79040,78965,79005
79005,79035,78970,79020
79025,79095,79020,79060
79060,79165,79020,79140
79140,79215,79130,79150
79150,79190,79135,79140
79135,79140,79075,79115
79110,79185,79095,79160
79155,79175,79060,79105
79110,79175,79075,79085
79085,79100,79060,79080
79085,79115,79050,79090
79090,79155,79080,79155
79155,79240,79115,79220
79220,79265,79165,79260
79260,79360,79250,79345
79345,79385,79315,79320
79320,79325,79210,79250
79250,79280,79215,79215
79220,79250,79165,79240
79235,79285,79165,79170
79170,79200,79105,79180
79180,79205,79150,79185
79180,79185,79085,79170
79175,79200,79130,79200
79195,79195,79145,79190
79190,79230,79150,79230
79230,79265,79205,79220
79215,79255,79195,79250
79250,79285,79215,79225
79215,79230,79190,79205
79205,79215,79155,79190
79190,79210,79155,79200
79200,79290,79190,79270
79270,79350,79270,79295
79290,79400,79270,79350
79355,79470,79350,79470
79470,79535,79445,79505
79510,79615,79495,79610
79610,79635,79565,79600
79600,79625,79510,79525
79525,79615,79520,79595
79600,79670,79590,79640
79645,79695,79610,79675
79675,79680,79580,79600
79600,79620,79520,79520
79520,79555,79455,79530
79530,79600,79530,79560
79560,79640,79560,79625
79630,79740,79625,79665
79660,79715,79580,79655
79655,79750,79630,79745
79740,79790,79695,79760
79760,79760,79700,79705
79700,79745,79700,79700
79700,79745,79665,79740
79735,79810,79720,79795
79800,79875,79785,79845
79845,79850,79745,79800
79800,79840,79775,79805
79810,79825,79730,79760
79760,79830,79740,79820
79815,79895,79785,79865
79865,79875,79825,79860
79860,79945,79860,79920
79920,79930,79840,79925
79920,79995,79910,79980
79985,80040,79960,80015
80020,80020,79930,79975
79980,79985,79875,79885
79890,79890,79785,79800
79795,79805,79735,79765
79765,79790,79695,79695
79695,79800,79695,79790
79795,79830,79695,79705
79705,79710,79650,79680
79680,79765,79675,79730
79735,79795,79735,79770
79770,79790,79655,79680
79680,79685,79610,79615
79610,79645,79580,79635
79630,79685,79630,79680
79680,79685,79605,79680
79680,79760,79675,79725
79725,79770,79715,79750
79750,79780,79705,79715
79725,79775,79715,79755
79755,79790,79730,79755
79760,79805,79745,79755
79755,79765,79695,79710
79710,79840,79710,79835
79830,79870,79790,79790
79795,79845,79775,79815
79820,79840,79785,79820
79820,79830,79780,79800
79805,79805,79725,79755
79755,79820,79750,79815
79820,79860,79800,79830
79830,79840,79800,79815
79815,79900,79815,79890
79890,79925,79860,79920
79915,79975,79905,79930
79925,79940,79885,79915
79915,79940,79895,79895
79895,79960,79895,79915
79920,79970,79915,79935
79935,79940,79890,79915
79920,79930,79850,79855
79850,79880,79805,79840
79845,79890,79835,79880
79880,80000,79875,79990
79985,80000,79950,79980
79980,80030,79920,79960
79965,79980,79930,79960
79960,80000,79920,79930
79930,79985,79910,79975
79975,80030,79955,80010
80005,80085,79985,80075
80070,80075,79990,80000
79995,80055,79995,80005
80010,80015,79970,79985
79980,80000,79950,79985
79985,80035,79970,79980
79980,80015,79970,80005
80005,80055,80005,80040
80035,80045,80010,80030
80035,80080,80025,80075
80070,80085,80015,80040
80040,80055,79990,80000
79995,80010,79965,79970
79965,80000,79950,79970
79970,79995,79950,79965
79960,79960,79860,79870
79870,79890,79810,79860
79865,79930,79850,79920
79925,79960,79880,79900
79895,79900,79835,79890
79895,79900,79845,79850
79850,79900,79850,79880
79880,79910,79815,79825
79825,79875,79820,79870
79865,79865,79830,79845
79845,79860,79825,79840
79840,79845,79775,79800
79805,79895,79805,79850
79850,79860,79825,79840
79850,79870,79830,79855
79855,79945,79840,79925
79925,79930,79885,79890
79890,79935,79880,79915
79920,79965,79915,79940
79940,79970,79915,79945
79950,79960,79925,79940
79945,79950,79850,79855
79860,79860,79810,79845
79850,79950,79845,79945
79945,79960,79910,79935
79940,79985,79905,79910
79910,79910,79825,79825
79825,79870,79815,79835
79835,79870,79815,79820
79820,79825,79775,79785
79790,79845,79740,79830
79835,79885,79825,79870
79870,79870,79765,79770
79765,79830,79755,79805
79800,79825,79750,79750
79750,79810,79740,79800
79795,79810,79775,79795
79795,79820,79720,79755
79755,79775,79690,79715
79715,79725,79655,79670
79675,79725,79655,79700
79700,79720,79690,79710
79705,79705,79670,79670
79670,79715,79655,79705
79710,79725,79630,79655
79650,79695,79635,79695
79690,79705,79675,79695
79690,79690,79620,79640
79635,79715,79635,79700
79700,79730,79675,79720
79715,79765,79715,79730
79725,79730,79645,79665
79670,79740,79655,79715
79710,79740,79685,79720
79725,79770,79710,79745
79745,79775,79740,79760
79770,79815,79765,79805
79800,79820,79705,79715
79705,79760,79705,79730
79730,79755,79700,79705
79700,79730,79675,79710
79710,79745,79685,79715
79715,79740,79670,79695
79690,79750,79690,79735
79735,79765,79730,79750
79750,79800,79745,79785
79790,79810,79755,79765
79770,79815,79765,79780
79780,79865,79780,79850
79855,79880,79805,79820
79815,79835,79775,79780
79780,79790,79750,79765
79765,79765,79735,79755
79750,79780,79710,79725
79725,79730,79680,79690
79690,79710,79655,79665
79665,79695,79630,79690
79690,79700,79655,79675
79670,79690,79660,79675
79675,79680,79615,79640
79640,79655,79555,79560
79555,79595,79540,79570
79565,79640,79565,79640
79640,79645,79585,79590
79585,79615,79580,79585
79585,79590,79480,79505
79505,79540,79420,79480
79470,79485,79405,79420
79415,79450,79380,79405
79400,79475,79390,79435
79430,79440,79385,79410
79410,79425,79390,79420
79420,79480,79410,79465
79460,79470,79390,79420
79420,79510,79420,79470
79475,79480,79435,79450
79450,79460,79390,79410
79405,79435,79350,79410
79410,79455,79405,79425
79425,79455,79370,79385
79385,79465,79380,79450
79445,79450,79380,79385
79380,79440,79380,79425
79430,79485,79405,79480
79485,79490,79460,79485
79485,79505,79475,79495
79500,79530,79480,79490
79490,79535,79455,79525
79530,79570,79520,79555
79560,79615,79555,79580
79580,79625,79570,79615
79615,79625,79565,79595
79595,79625,79580,79620
79615,79620,79555,79575
79575,79590,79515,79540
79540,79565,79535,79560
79560,79610,79550,79600
79600,79600,79550,79555
79560,79565,79515,79550
79545,79575,79520,79525
79525,79625,79525,79610
79610,79650,79595,79625
79620,79660,79595,79630
79630,79675,79595,79670
79670,79695,79635,79680
79685,79710,79650,79655
79660,79680,79640,79650
79650,79655,79610,79620
79610,79620,79555,79585
79585,79645,79575,79640
79640,79650,79565,79580
79575,79625,79565,79625
79615,79640,79610,79630
79630,79640,79575,79595
79595,79595,79560,79565
79570,79605,79530,79545
79540,79570,79525,79555
79560,79585,79530,79540
79545,79550,79500,79540
79545,79555,79520,79545
79545,79560,79515,79560
79555,79595,79550,79580
79580,79585,79530,79555
79550,79555,79455,79460
79465,79485,79440,79460
79455,79495,79455,79470
79465,79465,79415,79430
79425,79485,79425,79475
79480,79520,79450,79510
79515,79525,79445,79455
79450,79475,79425,79425
79430,79470,79420,79465
79460,79470,79445,79450
79450,79475,79440,79450
79455,79475,79425,79430
79425,79465,79410,79465
79465,79465,79410,79415
79420,79420,79345,79355
79360,79415,79345,79410
79415,79445,79405,79445
79445,79460,79375,79375
79380,79415,79355,79410
79410,79420,79390,79390
79390,79450,79380,79435
79435,79470,79430,79440
79440,79450,79410,79430
79430,79465,79425,79455
79450,79455,79410,79410
79405,79450,79400,79430
79430,79470,79395,79420
79425,79425,79395,79420
79415,79425,79350,79390
79390,79390,79330,79335
79335,79345,79290,79325
79325,79330,79265,79270
79270,79370,79270,79355
79350,79390,79345,79360
79355,79385,79305,79305
79305,79310,79260,79270
79265,79335,79260,79290
79295,79325,79275,79315
79305,79325,79285,79325
79325,79420,79305,79380
79380,79395,79330,79375
79375,79400,79360,79365
79365,79370,79330,79340
79345,79440,79335,79420
79425,79425,79360,79365
79375,79485,79375,79480
79475,79475,79440,79450
79450,79470,79435,79445
79440,79445,79395,79420
79425,79425,79400,79405
79405,79415,79380,79395
79400,79455,79395,79430
79425,79430,79400,79410
79410,79410,79365,79400
79400,79400,79265,79280
79280,79325,79260,79320
79320,79350,79300,79340
79340,79365,79335,79355
79365,79405,79360,79400
79400,79425,79390,79410
79405,79415,79375,79380
79385,79430,79380,79430
79430,79435,79360,79380
79380,79400,79370,79395
79395,79405,79390,79395
79390,79410,79380,79400
79400,79425,79385,79420
79420,79425,79390,79400
79405,79425,79400,79415
79415,79420,79400,79410
79405,79425,79370,79375
79375,79420,79365,79405
79410,79415,79360,79380
79375,79380,79330,79365
79360,79370,79325,79345
79350,79350,79285,79310
79315,79320,79285,79300
79295,79300,79250,79270
79270,79270,79180,79210
79215,79290,79205,79285
79290,79290,79235,79290
79285,79305,79260,79305
79300,79325,79300,79325
79325,79335,79310,79330
79325,79375,79310,79335
79335,79365,79335,79360
79360,79405,79345,79360
79360,79370,79330,79355
79355,79355,79330,79335
79330,79395,79310,79395
79390,79490,79385,79440
79440,79455,79430,79435
79440,79500,79435,79450
79450,79455,79390,79395
79390,79390,79330,79345
79340,79385,79335,79375
79370,79370,79335,79340
79335,79350,79310,79325
79325,79335,79300,79300
79305,79345,79285,79330
79330,79335,79275,79310
79310,79325,79295,79300
79305,79315,79280,79305
79300,79310,79250,79270
79275,79295,79265,79280
79280,79295,79250,79295
79295,79295,79245,79260
79255,79275,79200,79215
79215,79230,79205,79220
79225,79250,79220,79240
79235,79330,79220,79325
79325,79345,79285,79305
79305,79320,79290,79310
79310,79325,79300,79315
79310,79325,79305,79320
79320,79325,79295,79295
79300,79300,79245,79260
79260,79280,79245,79265
79265,79280,79245,79245
79250,79265,79215,79225
79220,79235,79185,79235
79235,79270,79230,79270
79270,79290,79220,79280
79285,79315,79265,79315
79305,79365,79305,79330
79335,79390,79330,79380
79385,79390,79340,79345
79345,79395,79340,79395
79395,79395,79365,79375
79370,79400,79370,79390
79390,79470,79390,79445
79445,79445,79405,79425
79425,79435,79390,79390
79395,79400,79360,79385
79380,79435,79370,79420
79420,79480,79410,79465
79470,79475,79430,79430
79435,79465,79430,79440
79440,79465,79420,79430
79435,79470,79425,79450
79450,79470,79440,79450
79450,79450,79420,79430
79430,79435,79395,79405
79405,79430,79400,79420
79420,79435,79390,79400
79405,79405,79335,79360
79360,79410,79355,79395
79400,79415,79370,79390
79385,79405,79375,79375
79380,79450,79365,79395
79395,79470,79385,79415
79415,79465,79410,79455
79455,79490,79455,79465
79460,79465,79440,79460
79465,79490,79460,79480
79480,79485,79445,79460
79465,79470,79440,79450
79450,79465,79440,79450
79450,79470,79425,79435
79435,79450,79390,79400
79405,79415,79330,79365
79360,79370,79250,79315
79310,79310,79195,79205
79210,79240,79195,79230
79230,79285,79230,79250
79255,79255,79225,79230
79230,79230,79210,79225
79225,79275,79220,79245
79245,79245,79210,79220
79220,79225,79185,79195
79195,79215,79165,79200
79200,79240,79190,79200
79200,79210,79200,79205
79205,79205,79190,79190
79190,79200,79180,79180
79185,79185,79140,79175
79175,79180,79155,79175
79175,79195,79170,79185
79185,79195,79180,79190
79190,79195,79170,79175
79180,79250,79170,79240
79240,79265,79235,79255
79260,79270,79245,79245
79245,79255,79245,79250
79250,79255,79245,79255
79255,79265,79245,79260
79255,79260,79225,79245
79245,79245,79220,79240
79235,79245,79225,79225
79230,79230,79220,79230
79230,79250,79225,79245
79245,79250,79230,79240
79240,79250,79240,79245
79240,79245,79230,79235
79230,79250,79225,79230
79240,79250,79235,79245
79240,79250,79240,79245
79240,79270,79235,79235
79245,79260,79225,79225
79230,79240,79220,79230
79235,79280,79225,79235
79235,79255,79235,79250
79245,79250,79220,79245
79235,79270,79220,79265
79260,79260,79225,79240
79350,79350,79350,79350
79515,79700,79515,79635
79635,79740,79540,79685
79675,79685,79480,79485
79485,79595,79430,79595
79595,79645,79540,79570
79570,79575,79520,79550
79545,79565,79450,79470
79475,79520,79440,79455
79460,79475,79445,79470
79470,79485,79450,79460
79465,79510,79415,79505
79505,79510,79450,79455
79455,79460,79415,79420
79420,79440,79380,79395
79400,79425,79390,79415
79410,79415,79375,79375
79380,79395,79360,79380
79380,79390,79360,79375
79375,79390,79350,79375
79375,79410,79365,79410
79410,79430,79390,79410
79415,79450,79400,79430
79425,79435,79410,79410
79420,79435,79415,79435
79435,79435,79415,79420
79420,79425,79390,79410
79410,79420,79260,79290
79290,79295,79180,79200
79200,79210,79080,79135
79135,79165,79100,79130
79125,79130,79050,79090
79090,79190,79085,79185
79180,79215,79155,79195
79200,79210,79170,79195
79195,79210,79180,79210
79210,79250,79205,79235
79240,79255,79235,79245
79250,79275,79225,79225
79230,79290,79225,79275
79275,79285,79235,79235
79235,79320,79235,79300
79295,79335,79275,79290
79295,79310,79255,79260
79260,79285,79240,79280
79275,79280,79265,79275
79280,79280,79245,79255
79250,79260,79245,79255
79255,79315,79255,79300
79300,79355,79290,79335
79340,79390,79335,79380
79385,79425,79350,79380
79380,79380,79350,79365
79370,79385,79355,79380
79380,79380,79310,79345
79345,79380,79320,79355
79360,79390,79345,79350
79350,79360,79330,79330
79330,79335,79265,79320
79320,79335,79310,79325
79325,79375,79315,79365
79365,79370,79330,79345
79340,79480,79340,79435
79430,79490,79430,79445
79445,79455,79400,79430
79430,79460,79420,79440
79440,79460,79430,79450
79445,79525,79430,79490
79490,79580,79480,79575
79575,79620,79550,79600
79605,79605,79525,79525
79525,79570,79400,79425
79425,79430,79330,79385
79390,79455,79385,79425
79425,79445,79370,79425
79425,79435,79305,79355
79355,79495,79335,79490
79495,79580,79490,79565
79565,79690,79550,79645
79645,79660,79560,79570
79575,79585,79535,79560
79555,79565,79495,79520
79520,79535,79440,79505
79500,79525,79465,79505
79510,79510,79475,79485
79485,79505,79415,79455
79450,79525,79425,79495
79500,79550,79435,79445
79435,79485,79430,79465
79470,79470,79390,79390
79395,79405,79310,79375
79380,79480,79320,79440
79440,79455,79185,79195
79190,79270,79180,79190
79195,79400,79185,79375
79375,79455,79375,79435
79440,79500,79410,79480
79480,79520,79455,79495
79490,79500,79385,79395
79390,79395,79300,79310
79310,79310,79215,79215
79220,79220,79125,79130
79135,79195,79115,79185
79185,79185,79130,79150
79150,79155,79010,79035
79035,79145,79025,79140
79140,79250,79130,79190
79185,79190,79050,79065
79065,79095,78905,78915
78915,78930,78860,78900
78900,78925,78865,78880
78875,78890,78770,78810
78815,78830,78790,78805
78805,78805,78730,78745
78740,78860,78725,78860
78860,78940,78850,78870
78880,78960,78855,78945
78945,78960,78800,78840
78840,78980,78835,78970
78970,78975,78925,78965
78965,79030,78960,79015
79015,79050,78965,79045
79050,79050,78935,79010
79010,79035,78965,78990
78990,79010,78975,78980
78980,78990,78905,78935
78935,78940,78860,78890
78890,78970,78875,78955
78955,78980,78860,78865
78870,78905,78830,78860
78860,78910,78845,78910
78910,78925,78835,78875
78880,78880,78760,78780
78780,78780,78635,78690
78690,78745,78690,78735
78740,78765,78720,78745
78740,78795,78675,78775
78775,78785,78705,78710
78710,78720,78640,78685
78685,78735,78665,78690
78695,78850,78685,78810
78810,78830,78755,78795
78790,78875,78785,78865
78870,78875,78790,78840
78840,78865,78825,78865
78865,78890,78840,78860
78865,78925,78830,78905
78900,78905,78870,78890
78885,78885,78815,78830
78825,78855,78715,78745
78745,78825,78735,78805
78800,78815,78755,78800
78790,78805,78735,78780
78780,78780,78675,78705
78710,78710,78615,78665
78670,78685,78620,78675
78675,78725,78665,78685
78680,78700,78640,78675
78675,78675,78520,78525
78530,78605,78510,78595
78595,78660,78590,78640
78635,78635,78560,78600
78600,78625,78575,78620
78620,78645,78605,78610
78610,78620,78560,78565
78570,78595,78525,78595
78595,78595,78530,78540
78540,78540,78425,78460
78465,78570,78460,78550
78545,78550,78475,78505
78505,78540,78475,78535
78535,78595,78515,78575
78570,78575,78450,78475
78470,78510,78430,78505
78505,78540,78455,78460
78460,78505,78415,78495
78495,78520,78485,78505
78505,78510,78480,78500
78495,78530,78475,78500
78505,78525,78470,78520
78520,78585,78510,78510
78510,78520,78430,78485
78485,78570,78480,78560
78565,78625,78560,78585
78585,78595,78555,78580
78575,78590,78565,78575
78570,78640,78570,78640
78640,78645,78595,78605
78600,78610,78560,78560
78565,78570,78530,78555
78555,78555,78520,78520
78520,78530,78465,78530
78525,78610,78520,78585
78590,78590,78500,78505
78505,78550,78500,78530
78535,78540,78465,78475
78475,78475,78355,78380
78385,78495,78365,78495
78490,78540,78350,78380
78375,78415,78340,78415
78415,78425,78360,78385
78380,78425,78380,78410
78415,78450,78360,78435
78435,78450,78405,78405
78410,78420,78400,78410
78410,78415,78365,78375
78375,78410,78370,78385
78385,78385,78315,78355
78350,78385,78340,78380
78375,78385,78360,78375
78380,78430,78375,78390
78395,78400,78265,78300
78300,78320,78260,78275
78280,78290,78250,78265
78260,78300,78240,78270
78275,78280,78245,78265
78260,78325,78260,78275
78275,78300,78245,78260
78260,78260,78210,78220
78225,78300,78225,78280
78275,78325,78275,78320
78325,78345,78280,78310
78310,78350,78305,78350
78350,78390,78345,78360
78360,78365,78310,78315
78310,78365,78310,78330
78330,78375,78285,78370
78365,78370,78345,78355
78355,78415,78355,78395
78400,78450,78395,78410
78410,78435,78385,78405
78400,78445,78380,78440
78445,78475,78385,78415
78415,78435,78375,78390
78390,78410,78370,78405
78405,78500,78405,78475
78475,78495,78450,78470
78475,78490,78460,78475
78480,78510,78475,78490
78490,78530,78465,78480
78475,78510,78460,78500
78505,78505,78470,78475
78475,78495,78455,78460
78465,78485,78445,78460
78465,78550,78465,78540
78540,78575,78540,78565
78570,78575,78540,78565
78570,78580,78505,78525
78525,78540,78510,78525
78520,78555,78520,78535
78535,78560,78535,78545
78545,78595,78545,78575
78580,78590,78560,78585
78585,78585,78535,78580
78585,78600,78560,78585
78585,78615,78575,78595
78595,78615,78590,78605
78610,78625,78600,78620
78625,78625,78540,78540
78540,78620,78540,78615
78615,78640,78610,78635
78635,78635,78600,78615
78615,78665,78605,78630
78630,78630,78580,78620
78615,78640,78580,78640
78640,78680,78635,78650
78655,78655,78580,78585
78585,78615,78545,78610
78620,78645,78600,78635
78635,78680,78635,78665
78660,78680,78645,78680
78680,78735,78660,78710
78710,78730,78700,78710
78715,78765,78710,78755
78755,78810,78740,78805
78800,78820,78770,78795
78790,78795,78740,78755
78750,78790,78750,78780
78780,78795,78775,78795
78795,78875,78785,78855
78855,78880,78820,78820
78825,78825,78755,78795
78790,78830,78765,78770
78770,78780,78720,78780
78775,78810,78765,78805
78800,78815,78775,78785
78780,78780,78745,78755
78755,78795,78705,78715
78715,78745,78705,78735
78735,78735,78620,78655
78655,78660,78625,78640
78640,78710,78635,78695
78690,78730,78690,78720
78715,78795,78710,78790
78790,78815,78755,78755
78755,78790,78745,78780
78785,78845,78775,78780
78785,78785,78755,78770
78775,78785,78765,78775
78770,78780,78750,78770
78770,78805,78770,78795
78800,78830,78795,78825
78820,78830,78810,78825
78825,78860,78805,78855
78850,78855,78825,78840
78835,78900,78830,78890
78895,78950,78885,78935
78945,78990,78935,78975
78975,79020,78970,79010
79010,79095,79010,79080
79085,79135,79045,79075
79075,79120,79070,79110
79110,79140,79100,79125
79130,79140,79025,79105
79105,79125,79080,79085
79090,79180,79070,79160
79160,79160,79085,79085
79095,79095,79050,79075
79075,79080,79040,79055
79060,79080,79045,79050
79055,79070,79035,79055
79050,79050,79005,79015
79020,79065,78950,79060
79055,79060,79030,79050
79045,79045,78965,78980
78975,78985,78935,78935
78940,78980,78920,78940
78940,78995,78930,78975
78975,79020,78950,78975
78970,79025,78965,78990
78990,78995,78975,78990
78990,79035,78985,78995
78990,79000,78935,78965
78960,78980,78935,78945
78940,78965,78920,78945
78945,78950,78890,78915
78915,78995,78915,78985
78990,79000,78930,78930
78930,78930,78910,78925
78925,78945,78855,78865
78865,78885,78835,78855
78855,78855,78735,78780
78775,78810,78740,78800
78805,78880,78795,78870
78865,78880,78755,78765
78765,78845,78755,78820
78825,78855,78815,78840
78835,78835,78755,78800
78800,78830,78760,78790
78790,78795,78720,78750
78755,78820,78750,78815
78815,78830,78800,78815
78810,78900,78790,78870
78870,78875,78825,78835
78835,78840,78815,78830
78825,78875,78810,78870
78875,78895,78815,78830
78825,78835,78765,78805
78805,78865,78770,78860
78860,78935,78855,78915
78920,78925,78805,78850
78850,78890,78830,78875
78875,78885,78810,78825
78820,78875,78810,78860
78860,78915,78855,78890
78890,78960,78860,78940
78935,78960,78910,78955
78945,78955,78890,78915
78915,78930,78900,78905
78910,78920,78875,78895
78895,78900,78850,78870
78875,78880,78820,78835
78835,78835,78735,78805
78810,78870,78800,78835
78835,78855,78805,78820
78825,78830,78775,78810
78810,78850,78785,78785
78790,78815,78735,78750
78745,78745,78570,78665
78665,78670,78480,78515
78515,78520,78440,78465
78465,78560,78425,78535
78535,78590,78510,78565
78565,78605,78545,78560
78565,78635,78555,78570
78565,78580,78535,78575
78575,78665,78565,78655
78655,78700,78650,78690
78685,78720,78665,78705
78705,78745,78705,78745
78745,78770,78720,78760
78765,78795,78755,78780
78780,78810,78710,78765
78760,78780,78730,78780
78780,78785,78760,78780
78775,78840,78770,78790
78795,78830,78770,78770
78765,78775,78730,78760
78765,78800,78760,78795
78790,78815,78785,78805
78810,78810,78795,78800
78805,78805,78770,78795
78795,78815,78770,78805
78805,78880,78800,78850
78850,78855,78825,78830
78835,78845,78790,78800
78800,78815,78790,78805
78805,78870,78795,78855
78855,78945,78835,78930
78925,79025,78910,78915
78915,78930,78865,78875
78875,78910,78865,78875
78875,78880,78850,78855
78860,78870,78835,78845
78845,78850,78815,78815
78815,78835,78810,78815
78815,78850,78785,78820
78825,78825,78780,78785
78790,78820,78770,78820
78820,78900,78815,78895
78890,78895,78850,78885
78880,78890,78830,78880
78885,78960,78875,78925
78925,78975,78875,78885
78885,78940,78885,78930
78925,78950,78920,78925
78930,78960,78920,78940
78940,78940,78920,78940
78935,78940,78865,78875
78875,78890,78860,78885
78885,78895,78865,78880
78880,78880,78840,78845
78850,78855,78805,78820
78825,78840,78795,78805
78810,78830,78780,78795
78790,78815,78745,78775
78775,78775,78725,78755
78755,78755,78640,78730
78730,78790,78720,78770
78765,78790,78750,78760
78755,78760,78665,78710
78710,78720,78655,78665
78670,78700,78665,78685
78690,78705,78655,78660
78660,78685,78660,78675
78670,78690,78605,78625
78630,78630,78530,78540
78540,78595,78530,78530
78530,78565,78505,78560
78565,78615,78555,78605
78605,78620,78585,78620
78620,78645,78590,78640
78635,78675,78610,78650
78645,78655,78600,78635
78635,78650,78620,78630
78630,78630,78595,78610
78610,78655,78605,78635
78630,78635,78565,78575
78580,78585,78535,78545
78540,78585,78535,78570
78575,78595,78545,78595
78590,78605,78545,78555
78550,78625,78550,78605
78605,78645,78600,78600
78605,78605,78570,78585
78585,78635,78575,78630
78625,78700,78625,78680
78685,78695,78625,78655
78655,78665,78640,78640
78645,78700,78605,78690
78695,78765,78690,78735
78735,78760,78700,78745
78740,78830,78740,78825
78820,78835,78790,78815
78820,78835,78785,78805
78805,78835,78755,78790
78790,78860,78765,78845
78845,78870,78820,78840
78840,78845,78800,78810
78810,78830,78780,78820
78820,78830,78805,78815
78810,78845,78795,78835
78840,78870,78835,78865
78865,78880,78845,78855
78860,78860,78835,78850
78845,78855,78750,78775
78775,78820,78775,78785
78780,78785,78705,78760
78760,78795,78755,78770
78765,78795,78755,78760
78760,78805,78760,78775
78780,78785,78700,78700
78700,78750,78685,78700
78700,78715,78650,78700
78690,78710,78650,78665
78660,78685,78640,78670
78665,78730,78660,78690
78690,78720,78655,78655
78655,78690,78640,78665
78665,78670,78645,78665
78665,78675,78645,78650
78660,78665,78585,78590
78595,78635,78565,78575
78570,78590,78560,78580
78580,78590,78565,78585
78585,78590,78570,78590
78590,78590,78555,78580
78580,78630,78580,78610
78615,78680,78610,78630
78625,78645,78610,78630
78635,78650,78625,78640
78640,78665,78605,78615
78615,78625,78575,78590
78595,78605,78590,78600
78595,78600,78560,78580
78580,78595,78550,78595
78590,78595,78585,78585
78585,78590,78565,78585
78585,78590,78530,78580
78580,78615,78580,78605
78600,78600,78555,78565
78570,78600,78565,78590
78590,78600,78585,78600
78600,78640,78595,78625
78625,78640,78615,78620
78625,78650,78620,78645
78645,78765,78635,78725
78730,78745,78710,78740
78735,78770,78680,78760
78770,78820,78735,78800
78795,78845,78775,78785
78785,78840,78750,78770
78770,78840,78770,78775
78775,78825,78775,78805
78810,78825,78780,78800
78805,78825,78760,78775
80035,80300,80035,80195
80190,80245,80000,80135
80125,80200,80080,80090
80100,80175,80050,80160
80155,80185,80095,80155
80155,80160,80035,80070
80075,80365,80060,80315
80310,80330,80235,80265
80265,80265,80165,80220
80220,80375,80215,80315
80315,80345,80260,80310
80315,80325,80260,80290
80290,80400,80270,80335
80335,80355,80270,80280
80285,80320,80280,80290
80295,80300,80215,80295
80290,80330,80240,80280
80275,80285,80245,80245
80250,80290,80180,80190
80190,80205,80130,80150
80150,80225,80145,80225
80220,80270,80205,80265
80265,80265,80240,80265
80260,80295,80250,80280
80280,80320,80280,80290
80295,80325,80270,80295
80295,80300,80245,80265
80260,80260,80170,80185
80180,80195,80130,80180
80180,80220,80170,80195
80195,80205,80175,80180
80180,80200,80170,80175
80175,80200,80170,80195
80190,80220,80185,80185
80190,80195,80145,80170
80175,80220,80155,80180
80180,80250,80165,80225
80230,80240,80205,80240
80240,80260,80205,80210
80210,80300,80205,80285
80285,80320,80260,80260
80265,80370,80245,80330
80330,80360,80320,80325
80325,80375,80315,80365
80370,80395,80360,80365
80370,80445,80350,80445
80445,80520,80430,80500
80500,80505,80455,80480
80480,80540,80450,80480
80480,80495,80440,80465
80465,80560,80460,80555
80560,80585,80535,80560
80560,80560,80520,80525
80525,80555,80520,80550
80550,80575,80485,80515
80510,80550,80490,80530
80530,80610,80510,80600
80600,80610,80560,80600
80595,80665,80595,80650
80645,80725,80640,80675
80670,80810,80660,80790
80790,80835,80705,80720
80715,80760,80670,80740
80745,80810,80740,80780
80780,80810,80745,80805
80810,80835,80750,80810
80810,80845,80770,80775
80775,80775,80705,80750
80755,80840,80730,80820
80820,80850,80780,80850
80850,80915,80815,80865
80870,80975,80860,80975
80970,80985,80885,80955
80960,80970,80905,80960
80955,81025,80950,80985
80990,81035,80960,80970
80960,80995,80875,80895
80895,80910,80835,80835
80840,80880,80815,80845
80845,80890,80825,80855
80855,80875,80785,80800
80805,80915,80800,80870
80870,80965,80865,80950
80950,81000,80850,80885
80885,80935,80835,80860
80860,80915,80855,80895
80900,80940,80820,80835
80835,80925,80820,80920
80920,80930,80720,80805
80810,80855,80725,80735
80730,80765,80685,80695
80700,80780,80660,80775
80775,80870,80770,80860
80855,80960,80850,80950
80950,80955,80815,80875
80875,81075,80865,81065
81075,81160,81030,81150
81150,81230,81135,81145
81145,81210,81065,81080
81080,81190,81075,81185
81190,81295,81165,81255
81250,81255,81150,81190
81195,81330,81190,81320
81325,81330,81205,81270
81275,81280,81200,81220
81225,81240,81120,81160
81155,81170,81105,81115
81120,81135,81075,81095
81100,81155,81055,81060
81055,81090,81010,81070
81075,81100,81035,81085
81085,81130,81075,81110
81110,81120,81005,81025
81025,81075,81015,81030
81040,81050,80940,80990
80990,81030,80940,80950
80955,81010,80900,80990
80990,81030,80975,81015
81020,81040,80935,80995
80995,81035,80970,80980
80980,81140,80975,81100
81100,81150,81050,81065
81070,81090,81020,81065
81070,81085,80925,80965
80955,81040,80950,81030
81030,81080,81015,81050
81045,81120,81040,81100
81095,81140,81085,81105
81105,81200,81100,81180
81180,81180,81120,81170
81170,81225,81155,81180
81185,81265,81175,81260
81260,81265,81195,81215
81220,81300,81215,81290
81290,81330,81275,81280
81285,81290,81210,81220
81220,81325,81180,81295
81290,81315,81260,81310
81310,81375,81225,81230
81235,81260,81195,81205
81205,81230,81140,81170
81170,81245,81170,81230
81235,81290,81225,81245
81240,81310,81225,81275
81275,81315,81255,81280
81280,81360,81265,81335
81335,81345,81200,81205
81200,81330,81195,81330
81330,81395,81300,81340
81335,81380,81315,81335
81340,81395,81330,81360
81355,81355,81265,81310
81305,81335,81220,81235
81235,81350,81235,81345
81345,81355,81300,81320
81315,81340,81300,81330
81330,81330,81280,81295
81295,81330,81280,81290
81290,81315,81265,81300
81295,81335,81270,81330
81330,81330,81270,81275
81275,81315,81240,81275
81270,81300,81250,81285
81290,81325,81280,81295
81295,81360,81290,81350
81350,81400,81335,81380
81380,81485,81375,81470
81475,81555,81470,81515
81515,81585,81515,81540
81540,81575,81515,81530
81530,81615,81525,81605
81605,81610,81550,81600
81595,81595,81550,81555
81560,81595,81555,81580
81580,81585,81500,81515
81515,81580,81515,81570
81570,81590,81550,81565
81565,81570,81530,81540
81545,81580,81535,81540
81545,81560,81460,81490
81495,81555,81450,81540
81545,81585,81540,81565
81565,81615,81560,81605
81600,81680,81570,81670
81675,81690,81615,81670
81670,81735,81665,81710
81710,81740,81675,81695
81695,81725,81685,81720
81720,81760,81710,81755
81760,81800,81685,81705
81705,81715,81660,81695
81700,81735,81665,81665
81665,81695,81655,81675
81675,81680,81610,81655
81655,81670,81610,81655
81655,81660,81590,81625
81625,81655,81620,81655
81660,81660,81575,81575
81580,81590,81555,81585
81590,81615,81580,81605
81605,81645,81585,81595
81600,81650,81580,81635
81640,81690,81625,81680
81685,81690,81590,81600
81600,81610,81540,81575
81570,81595,81540,81565
81570,81595,81555,81580
81580,81580,81520,81550
81550,81575,81505,81510
81510,81530,81410,81440
81440,81455,81395,81405
81405,81470,81405,81410
81415,81455,81405,81435
81435,81460,81415,81425
81425,81430,81350,81380
81385,81385,81325,81350
81350,81360,81305,81310
81310,81350,81290,81290
81290,81315,81240,81240
81240,81360,81230,81345
81345,81355,81300,81335
81330,81380,81310,81375
81375,81395,81350,81375
81380,81450,81375,81445
81440,81520,81440,81510
81515,81575,81500,81570
81575,81595,81510,81525
81525,81580,81505,81575
81570,81585,81545,81565
81565,81640,81560,81620
81620,81665,81595,81635
81640,81650,81570,81585
81585,81675,81565,81640
81640,81730,81640,81690
81690,81715,81650,81690
81690,81735,81680,81720
81725,81775,81690,81695
81695,81695,81550,81570
81565,81580,81530,81550
81560,81585,81540,81550
81550,81640,81540,81625
81625,81660,81610,81640
81635,81685,81620,81660
81655,81690,81650,81690
81685,81710,81670,81695
81695,81735,81680,81715
81715,81755,81685,81720
81720,81725,81650,81665
81665,81675,81605,81625
81615,81625,81585,81600
81600,81680,81580,81660
81660,81665,81605,81620
81625,81640,81590,81595
81590,81625,81570,81610
81610,81615,81550,81565
81560,81575,81540,81560
81565,81570,81555,81565
81565,81620,81565,81580
81575,81575,81485,81520
81520,81530,81480,81510
81510,81530,81455,81485
81485,81565,81485,81565
81565,81610,81540,81590
81590,81655,81585,81615
81615,81635,81570,81625
81620,81690,81620,81635
81635,81675,81615,81645
81650,81665,81620,81625
81625,81710,81590,81695
81700,81705,81680,81680
81685,81710,81640,81650
81660,81695,81645,81685
81685,81725,81665,81670
81670,81680,81600,81620
81620,81620,81560,81570
81575,81580,81515,81535
81535,81535,81495,81505
81510,81560,81505,81545
81545,81570,81530,81555
81555,81570,81520,81570
81570,81570,81465,81515
81510,81580,81510,81565
81560,81580,81525,81565
81560,81565,81520,81540
81540,81540,81460,81495
81495,81545,81490,81535
81540,81580,81510,81575
81575,81580,81535,81545
81545,81575,81480,81520
81525,81600,81525,81560
81560,81630,81560,81595
81595,81640,81585,81600
81595,81605,81555,81575
81575,81615,81555,81590
81590,81595,81570,81575
81570,81630,81570,81610
81605,81625,81570,81575
81580,81600,81565,81580
81585,81635,81570,81615
81615,81615,81580,81590
81590,81595,81505,81510
81505,81545,81505,81510
81515,81540,81515,81530
81530,81585,81530,81585
81580,81665,81570,81615
81610,81610,81570,81585
81580,81610,81570,81595
81590,81605,81575,81590
81590,81595,81570,81590
81590,81620,81580,81605
81605,81605,81555,81570
81570,81600,81550,81590
81590,81635,81580,81615
81615,81675,81615,81630
81630,81645,81610,81640
81635,81700,81610,81680
81685,81725,81650,81660
81660,81665,81580,81585
81585,81620,81575,81615
81615,81615,81575,81600
81600,81650,81595,81625
81630,81645,81600,81600
81605,81610,81570,81585
81585,81635,81580,81625
81625,81630,81605,81610
81615,81685,81610,81645
81645,81655,81590,81590
81585,81600,81570,81575
81585,81595,81555,81555
81555,81590,81535,81585
81585,81595,81560,81570
81570,81595,81555,81570
81570,81575,81530,81535
81535,81565,81530,81545
81550,81550,81510,81510
81510,81540,81510,81515
81510,81530,81465,81505
81505,81555,81500,81540
81535,81545,81510,81510
81510,81525,81470,81495
81495,81550,81490,81520
81525,81570,81520,81535
81535,81545,81520,81535
81535,81560,81530,81555
81555,81560,81540,81550
81550,81590,81535,81560
81560,81575,81475,81495
81495,81500,81455,81480
81480,81510,81480,81490
81490,81490,81460,81475
81475,81490,81400,81430
81425,81455,81420,81435
81435,81500,81430,81500
81500,81535,81485,81515
81515,81525,81450,81480
81480,81480,81420,81440
81440,81455,81425,81430
81430,81465,81425,81445
81440,81510,81420,81500
81500,81505,81450,81490
81490,81545,81485,81525
81525,81535,81470,81510
81510,81535,81505,81515
81525,81615,81515,81585
81590,81595,81550,81590
81585,81640,81560,81635
81635,81655,81600,81645
81645,81660,81625,81640
81640,81685,81605,81670
81670,81670,81600,81605
81605,81645,81605,81630
81630,81660,81610,81610
81615,81645,81605,81635
81640,81685,81590,81680
81680,81705,81655,81680
81680,81750,81675,81725
81730,81755,81690,81730
81730,81755,81710,81745
81745,81825,81740,81745
81745,81795,81710,81780
81785,81805,81720,81720
81725,81750,81700,81735
81735,81765,81715,81750
81755,81805,81735,81800
81805,81815,81775,81810
81810,81890,81805,81840
81840,81950,81830,81915
81915,81950,81875,81875
81880,81920,81820,81915
81915,81965,81890,81890
81900,81930,81875,81905
81910,81950,81895,81910
81905,81910,81875,81890
81885,81905,81850,81855
81860,81885,81785,81835
81835,81860,81800,81835
81835,81870,81810,81835
81835,81860,81790,81820
81815,81860,81805,81850
81855,81870,81835,81845
81845,81860,81820,81850
81850,81860,81810,81845
81845,81890,81840,81885
81875,81890,81850,81865
81865,81875,81840,81865
81870,81880,81845,81845
81850,81870,81830,81845
81840,81880,81840,81880
81880,81935,81880,81910
81915,81950,81895,81905
81900,81910,81845,81855
81850,81875,81830,81850
81855,81860,81805,81835
81835,81870,81825,81865
81860,81895,81845,81890
81890,81940,81890,81920
81920,81965,81920,81965
81965,81990,81920,81975
81970,81985,81935,81945
81945,81965,81920,81940
81930,81940,81875,81920
81920,81920,81880,81910
81910,81965,81900,81930
81925,81950,81915,81950
81950,81990,81940,81980
81980,81985,81885,81905
81900,81950,81900,81940
81935,81970,81925,81965
81965,82000,81935,81980
81980,81990,81915,81935
81935,81935,81880,81890
81885,81890,81815,81855
81855,81875,81790,81810
81805,81815,81765,81780
81785,81825,81740,81790
81790,81795,81735,81760
81760,81790,81740,81785
81780,81840,81780,81820
81825,81900,81790,81890
81895,81940,81890,81895
81895,81900,81840,81875
81875,81965,81865,81950
81955,81960,81885,81900
81900,81930,81855,81930
81925,81925,81870,81885
81890,81915,81865,81905
81905,81940,81880,81905
81900,81900,81845,81865
81870,81935,81870,81915
81915,81925,81890,81900
81905,81935,81890,81920
81920,81925,81900,81920
81925,81935,81870,81890
81890,81915,81875,81900
81900,81925,81885,81915
81910,81925,81890,81915
81910,81925,81880,81885
81890,81910,81875,81885
81885,81955,81875,81930
81930,81945,81880,81895
81895,81915,81880,81895
81895,81905,81865,81880
81885,81885,81815,81845
81845,81880,81835,81875
81870,81890,81855,81880
81880,81880,81785,81815
81810,81825,81785,81805
81800,81825,81780,81805
81805,81830,81800,81810
81815,81855,81805,81815
81820,81850,81820,81845
81840,81895,81835,81890
81890,81895,81855,81860
81860,81875,81850,81855
81855,81860,81815,81825
81825,81830,81815,81825
81820,81840,81805,81815
81805,81810,81750,81780
81775,81795,81750,81775
81775,81795,81755,81770
81770,81795,81760,81785
81785,81810,81750,81775
81780,81820,81760,81820
81815,81855,81805,81820
81820,81875,81820,81845
81850,81865,81835,81840
81840,81840,81815,81825
81830,81870,81825,81870
81870,81875,81845,81860
81860,81930,81860,81905
81910,81960,81890,81945
81940,81950,81900,81915
81910,81915,81870,81895
81890,81900,81875,81885
81890,81895,81880,81890
81890,81930,81890,81915
81920,81930,81885,81890
81890,81895,81875,81875
81880,81890,81835,81855
81855,81885,81835,81840
81835,81850,81830,81835
81835,81850,81810,81830
81835,81835,81800,81825
81825,81835,81825,81825
81825,81825,81785,81795
81800,81800,81780,81785
81785,81810,81785,81795
81790,81860,81790,81850
81845,81850,81825,81830
81830,81835,81805,81805
81805,81825,81800,81800
81800,81845,81785,81835
81830,81845,81830,81830
81835,81910,81835,81885
81885,81900,81850,81890
81890,81895,81875,81880
81885,81885,81865,81865
81865,81885,81855,81870
81870,81885,81865,81870
81875,81875,81830,81830
81830,81835,81810,81835
81830,81835,81805,81805
81805,81820,81795,81815
81815,81840,81805,81820
81820,81830,81790,81810
81810,81860,81810,81845
81845,81895,81840,81895
81890,81900,81840,81870
81875,81930,81865,81885
81885,81995,81870,81935
81940,81980,81905,81920
81925,81945,81910,81925
81930,81950,81920,81950
81950,81950,81950,81950
83990,84000,83990,84000
84000,84295,83700,84160
84160,84240,83760,83810
83815,84150,83810,84150
84145,84300,84050,84175
84175,84190,84010,84090
84090,84250,84090,84230
84235,84530,84230,84505
84500,84625,84420,84465
84465,84585,84410,84420
84425,84435,84340,84375
84375,84375,84230,84260
84265,84475,84240,84435
84435,84485,84390,84430
84440,84475,84400,84465
84465,84545,84420,84465
84465,84730,84460,84650
84655,84655,84520,84630
84625,84625,84535,84565
84565,84595,84500,84520
84520,84555,84410,84420
84415,84535,84410,84500
84500,84630,84445,84625
84620,84780,84565,84730
84725,84730,84630,84665
84670,84840,84650,84830
84835,84835,84745,84750
84755,84780,84720,84720
84720,84765,84715,84725
84720,84770,84655,84720
84715,84750,84675,84750
84740,84785,84705,84720
84720,84720,84680,84695
84695,84715,84670,84695
84695,84710,84680,84685
84685,84695,84630,84685
84680,84705,84650,84650
84650,84680,84635,84670
84665,84755,84665,84730
84725,84750,84710,84745
84745,84880,84745,84880
84875,84900,84830,84885
84885,85015,84865,84940
84945,85000,84905,84920
84920,85035,84915,85005
85005,85030,84935,84945
84945,84970,84935,84955
84950,85120,84950,85065
85065,85145,85050,85100
85100,85160,85060,85150
85145,85300,85130,85260
85265,85325,85215,85250
85255,85285,85100,85260
85260,85360,85230,85280
85280,85290,85185,85240
85240,85245,85125,85195
85195,85215,85130,85170
85170,85240,85145,85230
85230,85340,85185,85325
85325,85515,85310,85515
85515,85570,85315,85355
85355,85355,85100,85150
85155,85285,85120,85160
85160,85370,85155,85335
85335,85335,85100,85130
85135,85165,85045,85135
85125,85185,85110,85130
85130,85235,85115,85235
85235,85325,85190,85310
85310,85325,85210,85270
85270,85280,85170,85210
85205,85320,85205,85320
85320,85380,85300,85315
85315,85350,85230,85285
85280,85290,85180,85235
85230,85290,85225,85260
85255,85325,85240,85320
85320,85455,85320,85420
85425,85470,85305,85395
85395,85400,85200,85220
85220,85285,85125,85220
85225,85255,85120,85140
85145,85145,85000,85060
85055,85090,84935,84955
84955,85000,84920,84995
85000,85020,84840,84850
84845,84925,84795,84915
84920,84940,84805,84825
84830,84840,84700,84815
84815,84905,84785,84855
84855,84875,84680,84715
84710,84815,84665,84710
84710,84805,84610,84685
84690,84820,84690,84810
84810,84865,84770,84785
84790,84950,84780,84900
84910,84930,84815,84820
84820,84900,84725,84725
84725,84830,84710,84755
84755,84775,84650,84670
84670,84670,84555,84615
84625,84645,84565,84580
84575,84590,84480,84520
84520,84550,84430,84445
84445,84450,84290,84350
84350,84610,84345,84555
84550,84640,84540,84610
84610,84625,84420,84430
84435,84515,84400,84425
84425,84630,84420,84620
84625,84730,84615,84695
84695,84725,84555,84565
84565,84585,84520,84555
84555,84555,84485,84490
84490,84500,84325,84350
84355,84460,84300,84415
84410,84480,84380,84385
84390,84400,84240,84245
84240,84300,84190,84300
84300,84340,84210,84295
84290,84300,84200,84235
84235,84295,84170,84285
84285,84380,84175,84225
84225,84365,84200,84355
84355,84455,84340,84360
84360,84495,84355,84470
84470,84525,84435,84440
84440,84525,84420,84500
84500,84610,84430,84565
84565,84640,84560,84570
84565,84665,84555,84635
84635,84665,84615,84655
84655,84805,84635,84795
84790,84875,84760,84820
84830,84845,84770,84805
84810,84930,84795,84925
84920,84925,84805,84840
84840,84845,84735,84795
84800,84870,84740,84745
84750,84755,84635,84655
84650,84690,84560,84580
84580,84685,84555,84660
84655,84665,84480,84500
84500,84505,84425,84455
84460,84470,84355,84390
84390,84450,84375,84400
84405,84405,84265,84285
84280,84385,84270,84365
84360,84360,84225,84255
84255,84370,84250,84350
84350,84380,84315,84350
84350,84365,84305,84355
84355,84360,84210,84215
84220,84255,84095,84230
84230,84370,84225,84325
84330,84350,84270,84290
84285,84305,84165,84180
84180,84230,84155,84205
84205,84205,84090,84120
84125,84250,84115,84235
84235,84285,84190,84275
84275,84320,84235,84280
84280,84280,84120,84185
84180,84310,84180,84245
84245,84255,84150,84155
84165,84200,84135,84180
84185,84220,84125,84145
84140,84195,84100,84180
84180,84240,84120,84125
84125,84135,84020,84030
84035,84050,83965,83990
83990,84145,83975,84140
84135,84175,83950,83955
83955,84005,83920,83960
83965,84020,83965,84010
84010,84010,83910,83965
83970,84000,83910,83925
83930,84000,83880,83985
83985,84095,83970,83985
83980,83985,83915,83975
83970,83985,83945,83980
83980,84040,83975,84005
84000,84005,83900,83920
83925,84030,83920,84015
84015,84100,84000,84080
84080,84145,84075,84130
84130,84230,84130,84190
84190,84205,84105,84120
84125,84185,84105,84110
84115,84180,84085,84155
84155,84185,84090,84175
84165,84175,84060,84090
84085,84225,84085,84175
84170,84240,84155,84235
84235,84250,84210,84210
84215,84215,84155,84180
84175,84195,84125,84175
84170,84230,84160,84175
84175,84245,84175,84220
84215,84240,84180,84185
84190,84270,84180,84220
84220,84225,84110,84140
84140,84140,84040,84090
84090,84095,83990,84030
84030,84140,84020,84120
84120,84125,84090,84115
84115,84185,84085,84170
84170,84210,84115,84125
84125,84225,84125,84220
84220,84260,84210,84225
84235,84245,84115,84120
84120,84145,84105,84135
84135,84185,84115,84120
84120,84130,84010,84035
84035,84070,84000,84020
84020,84025,83950,83950
83950,84045,83945,83960
83965,84055,83945,84005
84010,84090,83990,84090
84090,84115,84045,84080
84085,84170,84085,84160
84160,84185,84100,84140
84135,84160,84055,84080
84085,84085,84020,84060
84055,84115,84030,84100
84100,84175,84100,84170
84170,84225,84160,84190
84185,84210,84150,84165
84165,84225,84155,84215
84210,84250,84175,84235
84230,84255,84120,84145
84145,84145,84080,84105
84105,84145,84085,84110
84115,84135,84095,84135
84130,84215,84125,84200
84195,84240,84175,84220
84225,84305,84220,84290
84295,84420,84250,84390
84390,84455,84315,84325
84325,84330,84275,84330
84325,84335,84230,84250
84250,84350,84250,84340
84340,84350,84280,84335
84330,84385,84300,84370
84370,84385,84305,84320
84325,84340,84305,84320
84320,84330,84300,84315
84315,84340,84265,84290
84295,84320,84255,84280
84275,84280,84185,84195
84200,84270,84185,84245
84250,84300,84235,84280
84270,84310,84225,84305
84305,84370,84280,84285
84280,84300,84250,84255
84255,84255,84185,84205
84215,84270,84200,84230
84230,84235,84120,84150
84155,84220,84140,84195
84195,84220,84170,84195
84195,84255,84170,84190
84185,84215,84130,84205
84205,84230,84135,84140
84135,84165,84110,84125
84130,84140,84085,84105
84100,84160,84095,84150
84150,84205,84135,84190
84185,84210,84145,84185
84185,84185,84120,84125
84125,84185,84125,84170
84170,84170,84090,84160
84160,84235,84160,84215
84215,84275,84175,84195
84190,84215,84175,84210
84210,84250,84195,84215
84215,84230,84170,84185
84190,84200,84145,84195
84195,84220,84130,84160
84155,84195,84075,84090
84095,84115,84080,84090
84095,84125,84085,84100
84100,84150,84065,84115
84115,84135,84085,84100
84105,84170,84050,84060
84065,84095,84025,84080
84080,84130,84075,84110
84110,84135,84090,84125
84120,84130,84090,84125
84125,84165,84110,84165
84165,84175,84100,84115
84110,84125,84085,84095
84100,84115,84080,84100
84090,84100,84035,84045
84040,84085,84035,84050
84050,84105,84045,84085
84075,84095,84055,84065
84070,84090,84055,84070
84075,84120,84075,84090
84085,84095,84035,84050
84050,84060,84030,84045
84050,84135,84040,84115
84115,84155,84075,84125
84120,84165,84110,84160
84160,84205,84065,84065
84075,84140,84060,84125
84125,84140,84100,84115
84115,84120,84060,84115
84115,84155,84105,84140
84135,84135,84080,84110
84110,84120,84060,84065
84065,84090,84015,84030
84030,84060,84015,84045
84045,84060,83980,83990
83995,84030,83975,83995
83995,84000,83880,83920
83920,83970,83910,83935
83930,83955,83860,83880
83880,83885,83800,83850
83845,83845,83725,83730
83730,83770,83670,83705
83705,83720,83650,83670
83670,83685,83610,83645
83650,83690,83630,83655
83650,83660,83445,83480
83485,83595,83465,83585
83575,83720,83570,83680
83675,83780,83660,83745
83750,83780,83700,83770
83770,83825,83760,83815
83810,83870,83795,83850
83850,83925,83800,83875
83875,83915,83825,83900
83900,83985,83900,83965
83965,83975,83875,83900
83895,83995,83885,83980
83975,84030,83935,83965
83970,84035,83970,84030
84030,84090,84025,84030
84025,84060,83950,83980
83980,84055,83955,84040
84045,84050,83960,83970
83965,84005,83945,83995
83990,84010,83965,84000
84000,84005,83880,83895
83895,83945,83880,83920
83920,83935,83860,83880
83875,83930,83860,83910
83905,83930,83860,83920
83920,84025,83920,84005
84000,84010,83945,83965
83970,84015,83940,83965
83965,84005,83945,83995
83990,84010,83950,83970
83970,84055,83940,84000
84000,84115,84000,84100
84105,84150,84030,84040
84045,84115,84035,84110
84110,84130,84085,84120
84125,84125,84075,84105
84110,84110,83970,84000
83990,84050,83980,83995
83995,84020,83960,83980
83985,84070,83980,84050
84045,84060,84000,84055
84050,84075,83985,84020
84025,84065,84010,84040
84045,84045,83985,83995
84000,84075,83985,84055
84060,84070,84025,84030
84035,84040,83915,83930
83930,83980,83870,83930
83935,83945,83885,83890
83890,83890,83805,83855
83855,83965,83850,83905
83910,83915,83805,83835
83840,83895,83785,83815
83810,83830,83765,83815
83815,83820,83740,83755
83755,83785,83655,83670
83665,83720,83650,83695
83690,83790,83680,83780
83780,83860,83755,83830
83830,83850,83775,83805
83805,83870,83770,83870
83870,83890,83825,83835
83840,83840,83780,83830
83830,83840,83790,83800
83795,83795,83660,83665
83660,83715,83630,83650
83650,83660,83595,83615
83620,83685,83560,83630
83635,83640,83565,83590
83590,83670,83585,83645
83640,83640,83530,83545
83545,83545,83460,83490
83485,83525,83410,83450
83450,83460,83355,83365
83365,83445,83360,83400
83400,83445,83365,83375
83370,83370,83305,83315
83310,83420,83305,83345
83340,83475,83330,83450
83445,83495,83410,83475
83470,83500,83415,83450
83445,83465,83365,83375
83375,83425,83340,83425
83425,83465,83395,83445
83445,83470,83415,83445
83435,83525,83415,83505
83505,83585,83495,83560
83555,83560,83415,83445
83445,83455,83365,83380
83385,83440,83370,83395
83395,83405,83350,83375
83375,83510,83365,83500
83500,83515,83455,83460
83460,83525,83440,83500
83495,83495,83415,83430
83430,83485,83395,83460
83465,83500,83410,83425
83425,83445,83300,83335
83335,83405,83315,83380
83380,83400,83275,83305
83305,83385,83290,83370
83370,83390,83330,83360
83355,83420,83340,83410
83410,83440,83405,83435
83435,83465,83390,83400
83395,83405,83310,83325
83320,83330,83260,83295
83290,83305,83210,83220
83220,83235,83160,83185
83180,83185,83060,83090
83090,83125,83030,83040
83040,83150,83040,83105
83110,83115,83045,83050
83055,83175,83055,83170
83175,83175,83045,83055
83060,83115,83040,83070
83075,83145,83045,83135
83130,83155,83100,83110
83105,83120,83055,83075
83075,83095,83030,83035
83040,83110,83030,83080
83080,83135,83080,83090
83085,83105,82970,82985
82980,83115,82975,83100
83100,83130,83080,83105
83105,83180,83085,83135
83135,83205,83130,83205
83205,83235,83195,83230
83235,83240,83185,83185
83185,83195,83120,83135
83130,83175,83125,83140
83140,83220,83140,83185
83180,83190,83105,83135
83135,83135,83085,83090
83090,83090,83035,83040
83040,83040,82980,82995
82995,83050,82985,82990
82990,83010,82950,82990
82990,83020,82970,83010
83015,83045,83000,83020
83025,83160,83025,83155
83150,83195,83150,83180
83175,83250,83175,83220
83225,83275,83200,83245
83250,83260,83220,83245
83245,83275,83235,83240
83240,83270,83195,83245
83245,83300,83205,83280
83285,83355,83275,83345
83350,83400,83340,83365
83370,83540,83365,83425
83425,83445,83380,83425
83425,83445,83390,83395
83395,83495,83365,83480
83480,83500,83445,83470
83470,83535,83425,83465
83465,83470,83440,83460
83455,83475,83445,83460
83465,83470,83420,83435
83435,83485,83415,83475
83485,83505,83415,83425
83425,83470,83415,83470
83470,83475,83405,83445
83445,83465,83435,83450
83450,83475,83435,83465
83460,83520,83460,83500
83500,83515,83470,83485
83485,83525,83480,83515
83520,83540,83475,83485
83480,83500,83455,83465
83465,83505,83460,83490
83490,83530,83475,83520
83520,83525,83475,83480
83480,83525,83475,83520
83525,83525,83505,83515
83515,83525,83495,83500
83495,83515,83485,83500
83500,83520,83480,83500
83495,83505,83485,83495
83495,83530,83485,83530
83530,83545,83520,83525
83525,83570,83525,83540
83540,83570,83520,83565
83565,83565,83510,83530
83530,83555,83500,83540
83540,83555,83495,83510
83510,83520,83495,83515
83510,83515,83500,83510
83505,83505,83500,83500
83500,83520,83500,83520
83520,83525,83515,83520
83520,83520,83500,83505
83500,83530,83495,83515
83515,83550,83515,83530
83530,83550,83530,83530
83530,83530,83510,83515
83510,83510,83485,83495
83500,83510,83490,83505
83510,83520,83475,83475
83475,83510,83455,83495
83495,83570,83490,83560
83560,83590,83525,83555
83550,83620,83545,83595
83600,83660,83575,83625
83630,83640,83605,83625
83625,83705,83600,83695
83690,83695,83595,83605
83605,83685,83595,83675
83675,83680,83635,83680
83640,83680,83625,83655
82810,82930,82810,82910
82905,82945,82760,82780
82780,82790,82630,82670
82675,82695,82600,82600
82605,82620,82575,82600
82605,82640,82540,82555
82555,82585,82525,82555
82555,82595,82535,82575
82575,82585,82505,82510
82515,82570,82510,82530
82530,82560,82505,82515
82510,82530,82465,82490
82490,82555,82470,82525
82525,82615,82515,82580
82585,82615,82545,82600
82595,82630,82580,82580
82580,82615,82565,82590
82585,82610,82555,82565
82570,82590,82545,82585
82575,82655,82575,82625
82625,82680,82585,82655
82660,82720,82655,82700
82695,82780,82670,82780
82780,82875,82755,82875
82870,82875,82835,82855
82855,82930,82830,82910
82910,82930,82850,82865
82860,82875,82820,82850
82845,82895,82760,82760
82765,82830,82740,82775
82770,82800,82730,82775
82775,82825,82765,82790
82795,82830,82710,82730
82730,82805,82725,82785
82785,82795,82755,82775
82775,82810,82760,82800
82795,83000,82780,82985
82980,83070,82905,82985
82985,83050,82985,82995
83000,83025,82935,82985
82985,83045,82975,83015
83015,83040,82990,83025
83025,83180,83015,83145
83145,83150,83080,83150
83150,83195,83145,83170
83170,83190,83105,83110
83110,83125,83050,83060
83060,83110,83030,83035
83040,83160,83040,83125
83130,83150,83105,83145
83145,83180,83105,83130
83135,83150,83055,83070
83065,83130,83060,83115
83120,83215,83110,83135
83130,83165,83125,83140
83140,83220,83115,83215
83215,83265,83205,83230
83225,83255,83115,83120
83125,83150,83065,83095
83095,83200,83090,83140
83140,83175,83070,83080
83080,83125,82955,83035
83040,83170,83030,83145
83140,83190,83045,83125
83125,83125,83030,83045
83050,83100,83030,83030
83035,83100,83005,83040
83040,83100,82975,83030
83030,83095,82930,83095
83095,83135,83035,83070
83065,83130,83045,83070
83070,83090,83010,83020
83020,83040,82960,82975
82980,83015,82945,82980
82985,83030,82950,82950
82950,82965,82855,82915
82915,83055,82910,83055
83050,83110,83010,83035
83040,83100,83025,83095
83095,83150,83095,83110
83115,83230,83115,83175
83175,83185,83055,83055
83060,83075,82925,82945
82940,83090,82935,83055
83055,83070,82970,83050
83055,83080,82970,83070
83060,83100,83030,83060
83055,83070,82880,82890
82885,83020,82850,82920
82920,83005,82880,82945
82945,83010,82820,82840
82835,82950,82825,82835
82835,82915,82820,82905
82905,82970,82840,82845
82845,82860,82725,82775
82775,82855,82740,82785
82780,82815,82710,82775
82780,82785,82715,82765
82765,82810,82740,82755
82760,82785,82665,82665
82665,82715,82650,82675
82680,82695,82615,82625
82625,82650,82570,82595
82600,82765,82595,82730
82725,82745,82655,82670
82670,82800,82665,82775
82775,82845,82775,82835
82835,82850,82765,82780
82775,82845,82720,82720
82720,82785,82695,82770
82775,82895,82775,82845
82845,82970,82835,82965
82965,83025,82935,82990
82990,83045,82975,83030
83030,83030,82975,82990
82990,83010,82935,82960
82960,83000,82935,82970
82970,82970,82795,82870
82870,82870,82740,82765
82765,82790,82720,82745
82740,82800,82725,82780
82780,82830,82735,82765
82765,82825,82750,82790
82785,82845,82755,82815
82810,82845,82690,82705
82705,82810,82700,82705
82705,82725,82645,82665
82665,82680,82600,82600
82600,82615,82535,82550
82555,82580,82525,82545
82550,82595,82530,82560
82555,82605,82525,82555
82550,82560,82500,82525
82525,82600,82500,82580
82580,82590,82535,82545
82545,82590,82465,82550
82555,82570,82445,82490
82485,82515,82440,82495
82495,82525,82415,82470
82475,82485,82410,82445
82440,82480,82415,82430
82430,82440,82350,82375
82370,82390,82310,82360
82360,82440,82355,82385
82385,82415,82345,82385
82385,82405,82350,82385
82395,82410,82315,82330
82330,82380,82295,82295
82300,82330,82255,82275
82275,82320,82235,82260
82260,82310,82245,82275
82270,82310,82245,82260
82255,82260,82180,82195
82195,82225,82170,82200
82190,82215,82150,82210
82210,82245,82180,82180
82180,82190,82125,82130
82135,82195,82125,82150
82145,82160,82100,82155
82150,82180,82145,82175
82170,82210,82140,82200
82195,82300,82190,82250
82250,82360,82250,82345
82340,82375,82305,82360
82360,82425,82345,82395
82390,82455,82360,82450
82445,82510,82405,82490
82485,82640,82480,82630
82630,82640,82570,82585
82585,82585,82535,82580
82575,82585,82510,82565
82565,82595,82545,82565
82570,82650,82555,82635
82630,82640,82600,82605
82605,82610,82475,82485
82485,82525,82430,82490
82490,82555,82460,82520
82520,82640,82500,82610
82610,82730,82605,82700
82700,82790,82685,82755
82760,82760,82670,82700
82700,82860,82690,82855
82855,82910,82830,82905
82900,82935,82855,82880
82875,82890,82815,82815
82815,82820,82705,82735
82740,82785,82685,82685
82685,82755,82650,82655
82650,82750,82650,82735
82730,82775,82680,82765
82765,82795,82695,82695
82695,82740,82630,82680
82680,82750,82655,82745
82750,82790,82670,82690
82685,82735,82630,82640
82635,82700,82585,82600
82600,82710,82600,82680
82680,82695,82600,82615
82620,82625,82535,82570
82570,82595,82465,82490
82490,82530,82420,82430
82435,82570,82430,82540
82540,82600,82485,82520
82525,82630,82520,82620
82620,82620,82570,82585
82595,82630,82560,82565
82565,82600,82445,82485
82480,82590,82475,82575
82570,82600,82495,82510
82500,82525,82470,82480
82480,82490,82420,82470
82470,82480,82355,82400
82400,82400,82295,82320
82320,82400,82300,82400
82400,82465,82390,82435
82435,82535,82410,82500
82490,82545,82455,82525
82525,82590,82520,82560
82560,82570,82540,82550
82550,82580,82510,82515
82510,82580,82510,82525
82525,82560,82415,82425
82415,82510,82390,82510
82510,82535,82470,82500
82500,82540,82465,82470
82465,82510,82460,82500
82500,82505,82430,82460
82465,82475,82410,82425
82435,82495,82380,82455
82455,82460,82410,82425
82425,82440,82380,82425
82425,82520,82420,82500
82500,82530,82480,82495
82485,82495,82425,82460
82460,82465,82410,82435
82430,82460,82360,82365
82370,82390,82340,82350
82350,82365,82270,82275
82270,82325,82270,82315
82320,82320,82270,82305
82300,82310,82245,82270
82275,82310,82230,82235
82230,82270,82215,82240
82240,82365,82220,82360
82360,82380,82305,82315
82320,82370,82295,82365
82365,82370,82305,82320
82320,82330,82250,82270
82275,82305,82265,82295
82295,82350,82275,82315
82315,82315,82250,82255
82260,82275,82205,82235
82235,82245,82185,82200
82200,82220,82115,82120
82120,82145,82080,82140
82135,82180,82120,82140
82135,82165,82115,82140
82140,82165,82130,82160
82160,82215,82155,82180
82180,82210,82140,82185
82190,82195,82160,82165
82165,82185,82140,82145
82145,82155,82090,82115
82110,82175,82090,82100
82095,82135,82090,82130
82135,82180,82110,82175
82180,82200,82145,82175
82175,82205,82145,82185
82190,82240,82180,82205
82200,82235,82185,82200
82200,82230,82180,82200
82200,82275,82180,82250
82255,82320,82225,82285
82290,82290,82205,82205
82215,82285,82185,82260
82260,82260,82195,82250
82255,82340,82250,82300
82295,82310,82255,82270
82270,82385,82265,82320
82325,82340,82295,82315
82315,82355,82285,82335
82335,82335,82275,82280
82285,82355,82275,82350
82350,82400,82325,82370
82370,82385,82325,82335
82335,82345,82310,82325
82325,82345,82295,82335
82335,82380,82325,82360
82365,82365,82310,82330
82330,82350,82265,82275
82275,82315,82265,82310
82315,82395,82310,82335
82335,82375,82310,82335
82330,82345,82295,82300
82310,82350,82295,82315
82310,82365,82310,82330
82330,82360,82300,82335
82330,82335,82260,82260
82260,82270,82175,82190
82185,82235,82150,82190
82190,82270,82185,82260
82265,82350,82250,82340
82345,82415,82320,82385
82380,82385,82330,82330
82330,82375,82320,82370
82365,82370,82320,82320
82320,82410,82300,82375
82375,82395,82290,82295
82300,82340,82240,82260
82260,82335,82255,82310
82310,82320,82270,82295
82295,82310,82220,82250
82250,82305,82235,82290
82295,82335,82230,82330
82325,82340,82290,82310
82310,82315,82265,82265
82270,82290,82225,82230
82230,82250,82170,82175
82175,82195,82130,82155
82160,82225,82145,82200
82200,82205,82120,82145
82145,82255,82140,82230
82225,82265,82210,82240
82240,82240,82185,82215
82215,82270,82170,82255
82255,82350,82240,82310
82305,82305,82225,82260
82260,82265,82215,82260
82255,82260,82210,82225
82230,82245,82130,82150
82145,82155,82080,82095
82095,82180,82060,82145
82150,82180,82070,82070
82075,82085,82015,82060
82060,82075,82035,82075
82075,82160,82065,82145
82145,82185,82130,82185
82185,82210,82140,82160
82155,82220,82145,82205
82205,82230,82160,82175
82170,82225,82150,82210
82210,82230,82185,82220
82215,82230,82180,82200
82205,82210,82145,82160
82155,82175,82110,82155
82160,82180,82115,82120
82125,82140,82055,82120
82115,82200,82110,82190
82190,82215,82125,82155
82150,82195,82145,82175
82180,82180,82125,82135
82130,82160,82105,82140
82140,82175,82110,82110
82115,82190,82105,82180
82175,82175,82130,82135
82140,82245,82110,82190
82195,82235,82165,82205
82200,82260,82170,82245
82245,82255,82205,82225
82225,82290,82195,82265
82265,82330,82265,82290
82290,82375,82280,82335
82335,82350,82255,82295
82290,82345,82290,82320
82325,82380,82305,82365
82365,82425,82365,82370
82365,82395,82290,82315
82315,82315,82250,82300
82300,82330,82275,82310
82305,82390,82300,82390
82390,82400,82355,82370
82365,82420,82350,82360
82360,82375,82315,82375
82375,82390,82315,82325
82330,82350,82320,82340
82340,82345,82265,82285
82285,82305,82265,82290
82290,82320,82260,82280
82280,82315,82265,82300
82305,82375,82305,82335
82335,82375,82315,82365
82370,82390,82310,82375
82370,82375,82330,82360
82360,82490,82360,82470
82470,82495,82425,82455
82455,82545,82455,82475
82475,82550,82445,82530
82535,82600,82515,82580
82575,82575,82530,82530
82535,82585,82515,82525
82525,82580,82520,82570
82570,82575,82515,82540
82535,82620,82525,82590
82595,82745,82580,82745
82745,82795,82725,82765
82760,82860,82740,82845
82845,82925,82830,82900
82900,82965,82860,82880
82880,82900,82805,82895
82900,82940,82790,82790
82795,82815,82740,82770
82765,82815,82745,82785
82790,82875,82775,82860
82865,82960,82860,82880
82875,82890,82800,82825
82825,82955,82825,82900
82905,83130,82875,83110
83115,83215,83095,83205
83205,83320,83190,83315
83320,83325,83215,83230
83230,83315,83185,83305
83305,83375,83275,83325
83330,83360,83230,83270
83270,83280,83230,83260
83260,83440,83260,83420
83425,83460,83395,83445
83450,83490,83345,83350
83350,83365,83225,83225
83225,83255,83100,83115
83115,83280,83075,83260
83260,83265,83175,83235
83240,83275,83175,83270
83270,83350,83250,83345
83340,83420,83335,83360
83360,83365,83310,83345
83345,83470,83335,83430
83430,83495,83375,83400
83400,83480,83395,83450
83455,83500,83425,83440
83445,83595,83445,83565
83560,83655,83555,83600
83595,83605,83520,83540
83545,83595,83520,83590
83590,83590,83500,83505
83500,83550,83430,83445
83450,83495,83415,83455
83460,83460,83300,83360
83355,83400,83350,83355
83355,83365,83290,83360
83360,83375,83270,83280
83275,83320,83270,83285
83280,83310,83235,83310
83310,83325,83230,83295
83290,83360,83285,83300
83310,83445,83310,83395
83395,83425,83290,83305
83305,83340,83280,83305
83310,83370,83305,83310
83310,83315,83260,83270
83265,83315,83245,83270
83265,83270,83165,83175
83175,83210,83135,83135
83135,83165,83055,83060
83065,83075,83010,83045
83045,83065,83020,83045
83050,83100,83000,83055
83055,83115,83055,83105
83100,83105,83000,83045
83040,83075,82995,83035
83035,83065,83020,83045
83045,83055,82970,83030
83030,83050,83020,83035
83035,83040,82965,82995
82995,83025,82985,83000
82995,83035,82965,82965
82965,83030,82925,83025
83020,83025,82985,83005
83010,83025,82985,82990
82990,83070,82975,83010
83010,83065,83005,83045
83050,83050,83015,83030
83030,83065,83020,83055
83050,83095,83020,83085
83085,83155,83070,83100
83095,83120,83090,83100
83100,83100,83050,83080
83085,83125,83055,83115
83120,83140,83095,83115
83110,83110,83075,83110
83110,83120,83085,83110
83110,83115,83095,83105
83110,83130,83095,83105
83105,83120,83080,83090
83095,83120,83085,83100
83100,83170,83100,83165
83160,83240,83155,83240
83235,83360,83230,83335
83335,83375,83335,83355
83350,83405,83195,83200
83200,83245,83140,83140
83145,83205,83135,83200
83195,83230,83180,83200
83200,83270,83190,83250
83255,83300,83230,83300
83295,83300,83260,83275
83275,83275,83225,83230
83230,83250,83215,83220
83220,83235,83190,83195
83195,83240,83180,83185
83180,83210,83145,83155
83150,83155,83085,83100
83090,83110,83080,83090
83090,83145,83090,83125
83120,83125,83090,83095
83100,83145,83050,83070
83065,83095,83045,83085
83085,83090,83060,83070
83075,83085,83020,83040
83045,83085,83040,83060
83060,83100,83030,83100
83100,83150,83100,83130
83130,83155,83125,83145
83140,83170,83135,83150
83150,83185,83150,83175
83175,83210,83175,83200
83200,83215,83195,83215
83215,83280,83205,83280
83280,83285,83230,83250
83245,83275,83240,83265
83260,83280,83255,83260
83260,83300,83250,83300
83300,83300,83275,83280
83280,83315,83275,83300
83300,83310,83265,83280
83280,83290,83155,83220
83225,83225,83130,83150
83145,83155,83050,83065
83075,83130,83030,83070
83070,83095,83025,83045
83040,83115,83000,83100
83095,83170,83085,83150
83145,83265,83100,83240
84675,84700,84615,84690
84680,84735,84610,84615
84625,84880,84600,84820
84820,84860,84690,84830
84825,84865,84735,84750
84750,84820,84715,84820
84815,84985,84805,84965
84960,85055,84860,84925
84925,85040,84900,84990
84995,85020,84940,84955
84960,84960,84880,84880
