4055.5,4062.5,4053,4061
4061.5,4061.5,4054,4054.5
4054.5,4056,4050,4050.5
4050.5,4052.5,4045.5,4047
4047.5,4051,4045.5,4051
4050.5,4053,4047.5,4048.5
4049,4050.5,4047.5,4049.5
4050,4050,4046.5,4047.5
4047.5,4048,4045.5,4045.5
4046,4046,4044.5,4045.5
4045,4048.5,4042,4043
4043,4045.5,4042,4045.5
4045,4046.5,4044,4046.5
4046.5,4048.5,4045.5,4048
4048,4048,4046,4046
4046.5,4054.5,4046,4054
4054,4057.5,4053.5,4056.5
4056,4059.5,4056,4059.5
4059.5,4064,4059,4062
4062,4064.5,4060,4062
4062,4062.5,4059,4060.5
4060,4062.5,4059.5,4060
4060,4061,4059,4060
4060,4060,4058,4058.5
4058,4060.5,4058,4059.5
4060,4064.5,4059.5,4061.5
4061,4063,4059.5,4061
4061,4065.5,4060.5,4064.5
4064.5,4068,4063.5,4067
4067.5,4068,4066,4068
4068,4071,4067.5,4070
4070,4071,4067,4067.5
4068,4068,4065,4066
4066,4069,4065,4067.5
4067,4068.5,4065,4065
4065.5,4067.5,4063.5,4067.5
4067.5,4068,4065,4065.5
4065.5,4068,4065,4067
4066.5,4067,4063.5,4063.5
4063.5,4067,4062,4067
4066.5,4067,4064,4064
4064,4064.5,4060,4061
4061.5,4064.5,4060.5,4064
4064.5,4067,4064,4065
4065,4066,4063,4063.5
4063.5,4067,4063.5,4067
4066.5,4068,4065.5,4065.5
4065.5,4065.5,4061,4061
4061,4061.5,4058,4058.5
4058.5,4059,4055.5,4056.5
4056,4056.5,4053,4053
4053,4054.5,4052.5,4054
4054,4055,4053,4053
4053,4058,4053,4055.5
4055.5,4056,4050.5,4052.5
4052.5,4052.5,4050,4050.5
4050.5,4053,4050.5,4052.5
4053,4055,4052.5,4052.5
4053,4056,4052.5,4055.5
4055.5,4055.5,4050.5,4051
4050.5,4051.5,4048.5,4051
4051.5,4051.5,4047,4048
4048.5,4049.5,4048,4049
4049,4051.5,4048.5,4051.5
4051,4052.5,4051,4052
4052,4055.5,4052,4055
4055,4056,4052,4053.5
4053,4055,4052,4052.5
4052.5,4054.5,4051.5,4053
4052.5,4056,4052.5,4056
4056,4058,4055,4057.5
4057.5,4058.5,4056.5,4058.5
4058.5,4060.5,4056.5,4060.5
4060.5,4062,4060,4061.5
4061,4062,4060.5,4061.5
4061.5,4063.5,4059,4059.5
4059,4060.5,4058,4060
4059.5,4060.5,4055.5,4055.5
4055.5,4057.5,4054,4054
4054,4055,4052,4053.5
4053,4055,4053,4055
4054.5,4057,4053.5,4056
4056,4057.5,4053,4054.5
4054.5,4055.5,4053.5,4055
4054.5,4055,4054,4055
4055,4055,4050,4051.5
4051.5,4051.5,4048.5,4049.5
4049.5,4051,4049,4051
4051,4052.5,4048.5,4050.5
4050.5,4054.5,4050.5,4053.5
4053.5,4055,4053,4054.5
4054.5,4058.5,4054,4058.5
4058,4059,4054,4055
4054.5,4055.5,4049,4049.5
4049,4049.5,4045.5,4046
4046,4047.5,4044.5,4044.5
4044.5,4046,4044,4045
4045,4048.5,4044.5,4048.5
4048.5,4049,4047.5,4048.5
4049,4049.5,4047.5,4048.5
4048.5,4049,4046,4048
4048,4049,4046.5,4048.5
4048.5,4049.5,4048,4049
4049,4052,4048.5,4049.5
4049.5,4049.5,4043,4043.5
4043.5,4044.5,4042.5,4044
4044,4046.5,4043.5,4046
4045.5,4046.5,4043.5,4046
4046.5,4047.5,4046,4047
4047,4047,4044.5,4047
4047,4049.5,4046.5,4049
4048.5,4049.5,4045.5,4046.5
4046,4048,4045,4047.5
4047.5,4048.5,4042,4042.5
4042.5,4045,4042,4044
4044.5,4044.5,4038,4038
4038,4039.5,4035.5,4039
4039,4039,4036.5,4036.5
4036.5,4037.5,4033.5,4034
4033.5,4035,4031.5,4035
4035,4035,4032,4033
4032.5,4037.5,4032.5,4036.5
4036.5,4037,4034,4035.5
4036,4037,4035,4036.5
4036.5,4038,4036.5,4037
4037,4038.5,4037,4037.5
4037.5,4038.5,4035,4035
4035,4038,4035,4038
4038,4039.5,4036.5,4039
4038.5,4039,4036.5,4037.5
4037.5,4037.5,4035.5,4035.5
4035.5,4039.5,4035.5,4039
4039,4041,4038.5,4040
4039.5,4040,4035.5,4036
4035.5,4038,4033,4037
4036.5,4039,4036,4037
4037,4038.5,4036.5,4038
4038.5,4039.5,4037,4037
4037,4037.5,4035,4037
4037,4037,4027.5,4031.5
4032,4032.5,4028,4028
4028.5,4029,4026,4027
4027,4028,4027,4027.5
4027.5,4027.5,4026,4027
4026.5,4028,4026,4026.5
4026.5,4028,4025,4027.5
4027,4028.5,4027,4027.5
4027,4030,4027,4030
4030,4031,4028.5,4030
4029.5,4029.5,4027,4027.5
4027.5,4029,4027,4029
4029,4030,4028.5,4029
4029.5,4030.5,4028,4030
4030.5,4032.5,4030,4031
4031,4033,4030.5,4032.5
4032.5,4034.5,4032,4033.5
4033.5,4034.5,4033,4034.5
4034.5,4038,4034,4037.5
4037,4038.5,4036,4037
4036.5,4036.5,4031.5,4032.5
4032,4037,4031.5,4034.5
4034.5,4037.5,4034.5,4036
4036,4037.5,4035.5,4037.5
4037.5,4039.5,4037,4039
4038.5,4039.5,4037.5,4038
4037.5,4038.5,4037.5,4038
4038.5,4044.5,4038,4043.5
4043,4044.5,4041,4042.5
4042,4043.5,4041,4041.5
4041.5,4042.5,4039.5,4040
4039.5,4041,4039,4040
4040,4043,4038,4040
4040,4041,4038.5,4038.5
4038.5,4041,4038.5,4039
4039,4041,4039,4040
4040,4041,4038.5,4040.5
4040.5,4041,4039.5,4040.5
4040,4040.5,4039,4040
4039.5,4040.5,4038.5,4039
4038.5,4039,4033,4035.5
4035.5,4037.5,4035.5,4037
4037,4037.5,4036,4037.5
4037,4038,4036.5,4036.5
4037,4039,4035.5,4038
4037.5,4038.5,4035,4036.5
4036.5,4036.5,4034,4035.5
4035,4036,4034.5,4035
4035.5,4036,4032.5,4034
4034,4035,4032.5,4033
4033.5,4034,4032.5,4034
4033.5,4034.5,4030.5,4030.5
4031,4031,4028,4029
4028.5,4031,4028.5,4031
4031,4032,4030.5,4031
4030.5,4032,4030.5,4031
4031,4033.5,4030.5,4031.5
4031.5,4033.5,4030,4030.5
4030,4030,4028,4029.5
4029.5,4030,4028.5,4029.5
4029.5,4031.5,4028.5,4031
4030.5,4031.5,4030,4030
4030.5,4031.5,4030,4030.5
4031,4032.5,4030.5,4031.5
4031,4031.5,4030.5,4031
4031.5,4031.5,4030.5,4030.5
4031,4034,4029.5,4033
4033.5,4034,4032.5,4032.5
4032,4033.5,4032,4033
4033.5,4034,4032,4034
4033.5,4034,4032,4032.5
4032.5,4036,4032.5,4034
4034,4036.5,4033.5,4035
4035,4037,4034.5,4037
4036.5,4037,4036,4036.5
4036.5,4036.5,4034.5,4035
4035,4035,4031.5,4032.5
4032.5,4032.5,4030.5,4030.5
4030.5,4031.5,4028.5,4028.5
4029,4029,4027,4028
4027.5,4027.5,4024.5,4027
4026.5,4027,4023.5,4024.5
4024.5,4025,4023,4023.5
4023.5,4026,4023.5,4026
4025.5,4027,4025.5,4027
4027,4027,4025.5,4026.5
4026.5,4027,4022.5,4022.5
4022.5,4024,4022.5,4024
4024,4025,4021,4021.5
4021.5,4022,4016.5,4018
4018,4019.5,4015.5,4017.5
4017.5,4018.5,4014.5,4017
4017.5,4017.5,4014.5,4016.5
4016,4017.5,4015,4017
4017.5,4019.5,4016.5,4018
4018,4018,4013,4015.5
4015.5,4017.5,4013,4015
4015,4016,4013,4015.5
4016,4016,4014,4014.5
4015,4015,4013.5,4014.5
4014,4016,4014,4016
4015.5,4016.5,4015.5,4016.5
4016.5,4019.5,4015.5,4018
4018.5,4020.5,4018,4019.5
4020,4021,4020,4020.5
4021,4022,4020.5,4021
4021.5,4023,4021,4023
4023,4023,4021.5,4022
4022,4022.5,4021.5,4022.5
4022.5,4022.5,4021.5,4022
4022,4022.5,4021.5,4022
4022,4023,4021.5,4023
4022.5,4023,4021,4023
4022.5,4023,4021,4021.5
4022,4022,4019,4019.5
4019.5,4020,4019,4019
4019,4019.5,4019,4019.5
4019.5,4019.5,4018,4018
4018,4022.5,4017.5,4021.5
4022,4023,4020.5,4021.5
4021,4022,4021,4022
4022,4022.5,4021,4022
4022,4023,4021.5,4023
4022.5,4024.5,4022.5,4023.5
4023.5,4023.5,4019,4019
4019,4019,4016.5,4018
4018,4020.5,4017.5,4020.5
4020.5,4021,4018,4018.5
4018,4019.5,4017.5,4018
4018,4019,4017,4017
4017.5,4019,4017,4018.5
4018.5,4020.5,4018,4018.5
4018.5,4019,4018.5,4018.5
4019,4020,4015.5,4018
4018.5,4018.5,4018,4018.5
4018,4021,4018,4020.5
4020,4023,4019,4022.5
4022,4022.5,4020,4020.5
4021,4022.5,4020.5,4022.5
4022,4023.5,4021.5,4022.5
4022,4024,4022,4023
4022.5,4023.5,4022.5,4022.5
4022.5,4023,4021.5,4023
4022.5,4024,4022.5,4023.5
4023.5,4025,4023.5,4024.5
4025,4025.5,4023.5,4025
4025.5,4026.5,4024.5,4026
4025.5,4027,4025.5,4026
4026,4026.5,4025.5,4026
4025.5,4026,4025,4025
4025,4025.5,4022.5,4023
4023,4024.5,4023,4023.5
4023.5,4024,4023,4024
4023.5,4024.5,4021.5,4021.5
4021.5,4026,4021,4026
4026,4026,4024.5,4024.5
4025,4025.5,4024.5,4025.5
4025,4025,4024,4025
4025,4027,4024.5,4025.5
4025.5,4026,4025.5,4026
4025.5,4026.5,4025,4026.5
4026.5,4027,4025.5,4026.5
4027,4027,4026.5,4026.5
4026.5,4028,4025,4025.5
4025.5,4025.5,4025,4025
4025.5,4025.5,4020.5,4021
4021,4022.5,4020,4021
4021,4021.5,4018.5,4020.5
4020.5,4021,4019,4020
4020,4020.5,4017,4017
4017,4018.5,4016.5,4018
4018.5,4019.5,4017.5,4018.5
4018.5,4020,4017.5,4019
4019.5,4021,4019,4020
4020,4020.5,4019.5,4020.5
4020,4022,4020,4021
4021,4022,4020.5,4022
4021.5,4022.5,4021.5,4021.5
4021.5,4024,4021.5,4023.5
4023.5,4024,4022,4024
4024,4026.5,4023,4025.5
4026,4027,4025,4025
4025.5,4026.5,4022,4022
4022.5,4023,4022,4023
4023,4025.5,4022,4025
4025,4028,4025,4027
4027,4028,4026,4028
4028,4029,4027,4027.5
4027.5,4029,4027.5,4028.5
4028,4028.5,4026.5,4027.5
4027.5,4028,4026.5,4026.5
4027,4027.5,4026,4027.5
4027.5,4028,4027,4028
4028,4028.5,4023,4024
4023.5,4026.5,4021,4025
4025.5,4025.5,4024.5,4024.5
4025,4025,4024,4025
4025,4025,4023.5,4025
4024.5,4026,4024.5,4024.5
4024,4024.5,4022,4024.5
4024,4026,4024,4025
4025,4025.5,4021.5,4023.5
4023.5,4024,4023,4023.5
4023,4024,4022.5,4023.5
4024,4025.5,4024,4024.5
4024.5,4025.5,4023,4023
4023,4024,4022.5,4024
4024,4024,4019.5,4020
4020,4021.5,4017,4019
4018.5,4020,4017.5,4018
4017.5,4018.5,4016.5,4017.5
4018,4020.5,4017.5,4019
4018.5,4020.5,4018.5,4020
4020,4021,4019.5,4020.5
4020.5,4021.5,4020.5,4021
4021.5,4024,4021,4021.5
4021.5,4022,4019,4020
4019.5,4019.5,4017,4019.5
4019,4019.5,4018,4018.5
4018,4018.5,4016,4018.5
4018.5,4024.5,4018.5,4021.5
4022,4023.5,4018,4019
4019,4022,4018.5,4021.5
4022,4022,4020,4020.5
4020,4021.5,4020,4020
4020.5,4021,4017.5,4019.5
4020,4021,4018,4019
4019,4023.5,4018.5,4022
4022,4022.5,4020.5,4020.5
4021,4022.5,4020.5,4022.5
4022.5,4024,4022,4023
4023,4023,4020,4021
4021,4022,4018.5,4021.5
4021.5,4022.5,4020,4020.5
4021,4021,4018.5,4019.5
4019.5,4019.5,4017.5,4018
4017.5,4018.5,4016,4018.5
4018.5,4020.5,4017.5,4020
4020,4021.5,4018.5,4018.5
4018.5,4020.5,4017.5,4020
4020.5,4020.5,4018,4018
4018,4018.5,4015.5,4016.5
4016,4017,4015,4016.5
4017,4017,4014,4015.5
4015,4015.5,4013.5,4015
4015,4017.5,4015,4017
4017,4017.5,4015,4016
4016,4016.5,4014.5,4015.5
4015,4017,4015,4016.5
4016,4017,4015.5,4016.5
4016.5,4018.5,4016.5,4017.5
4017.5,4017.5,4016.5,4017.5
4017,4018,4016.5,4018
4018,4019.5,4016.5,4018
4017.5,4019,4017,4017.5
4018,4019.5,4017,4018.5
4018.5,4019.5,4017,4017.5
4017.5,4019,4017.5,4018.5
4018.5,4019,4018,4018.5
4018.5,4019,4018,4018
4018,4019,4018,4018.5
4019,4019.5,4018.5,4019.5
4019,4019.5,4017.5,4017.5
4017.5,4020,4017.5,4019
4019.5,4020,4019,4019
4019,4019.5,4019,4019.5
4019,4019.5,4018.5,4018.5
4018.5,4020,4018.5,4019.5
4020,4021,4019.5,4020
4020,4020.5,4019.5,4019.5
4019.5,4020.5,4019.5,4020
4020.5,4020.5,4019.5,4020
4020,4021.5,4020,4021.5
4021.5,4022,4020.5,4022
4021.5,4022.5,4021.5,4022.5
4022.5,4022.5,4021.5,4022
4022,4024.5,4021.5,4023
4023,4023.5,4022,4023
4023,4023,4021.5,4021.5
4021.5,4022.5,4019,4019
4019,4022,4019,4019.5
4019,4019.5,4017.5,4019
4018.5,4019,4017,4017.5
4017,4019,4016.5,4018
4018,4018,4014.5,4015.5
4015.5,4016.5,4014.5,4016.5
4015.5,4017,4015.5,4016.5
4017,4017,4016.5,4016.5
4016.5,4018.5,4016.5,4018
4018.5,4018.5,4017.5,4017.5
4017.5,4018.5,4017.5,4018
4018,4019,4017.5,4019
4019,4020.5,4018.5,4019.5
4019.5,4021,4019.5,4020.5
4021,4021.5,4020.5,4020.5
4020.5,4022,4020.5,4021.5
4021.5,4022,4020.5,4021.5
4022,4022.5,4021,4022
4022,4022,4021,4021
4021,4022,4019.5,4020.5
4021,4021.5,4020,4021.5
4021.5,4022.5,4020.5,4022
4022,4023.5,4021.5,4022.5
4022.5,4024.5,4022,4023
4023.5,4027,4023,4024.5
4025,4027,4024.5,4026.5
4026,4027.5,4026,4027.5
4027,4029,4026.5,4029
4029,4029.5,4028.5,4028.5
4028.5,4028.5,4027,4027
4027,4028,4026.5,4027.5
4028,4029.5,4027.5,4028
4028,4028.5,4026.5,4026.5
4026.5,4027.5,4026.5,4027
4027,4027.5,4027,4027
4027.5,4028.5,4027,4028
4028,4029,4026.5,4028.5
4029,4029.5,4028.5,4029.5
4029.5,4031.5,4029,4031.5
4031.5,4032.5,4031,4031.5
4031.5,4034,4031.5,4031.5
4031.5,4032.5,4031.5,4031.5
4032,4032,4031,4031.5
4031.5,4033.5,4030.5,4033
4033,4033.5,4032,4032.5
4032,4033.5,4032,4032.5
4033,4033,4032,4032.5
4033,4034,4031.5,4032
4032,4034,4032,4033.5
4034,4034,4033,4033
4033,4033,4031.5,4031.5
4032,4034.5,4031.5,4033
4033,4033,4030,4030
4030,4031.5,4028.5,4029
4029.5,4030,4026.5,4028.5
4028.5,4029,4028,4028.5
4028,4028.5,4027,4028
4028.5,4028.5,4027.5,4028
4028.5,4028.5,4027,4027.5
4027.5,4028,4027,4027.5
4028,4028,4027,4027
4027,4027,4025.5,4026.5
4026.5,4027.5,4026,4027.5
4027,4029,4027,4028.5
4029,4030,4027.5,4028.5
4029,4029.5,4028.5,4029.5
4029,4029.5,4028,4028
4028,4028.5,4028,4028
4028,4028,4027.5,4027.5
4027.5,4028.5,4027.5,4028.5
4028.5,4028.5,4027,4027.5
4027.5,4031,4026.5,4031
4030.5,4033,4030.5,4032.5
4032.5,4034,4032.5,4032.5
4033,4038,4032.5,4037
4037.5,4040,4036,4038.5
4038.5,4039.5,4036.5,4038
4037.5,4038,4035,4035
4035,4036.5,4035,4036
4036.5,4037,4036,4037
4037,4040,4036.5,4039
4039,4039,4037.5,4038.5
4038.5,4039.5,4038.5,4039.5
4039.5,4039.5,4038.5,4039
4039.5,4040.5,4039,4040
4040,4042.5,4040,4042
4042.5,4043,4040.5,4041
4040.5,4042,4040,4041.5
4041,4041.5,4040.5,4041
4041.5,4042.5,4041,4041.5
4041.5,4042,4041,4041
4041,4042,4040.5,4041
4041,4041.5,4041,4041.5
4041,4041,4040.5,4040.5
4040.5,4041.5,4040.5,4041
4041.5,4043,4041.5,4041.5
4041.5,4042,4041.5,4042
4042,4043,4042,4042.5
4042,4043,4042,4042.5
4042,4042,4039.5,4041
4040.5,4042.5,4040.5,4041.5
4041.5,4042.5,4041.5,4041.5
4042,4042,4039.5,4039.5
4039.5,4040.5,4035,4036
4036,4038.5,4035.5,4038
4038.5,4040,4038,4039.5
4039.5,4040,4036,4037
4037,4037.5,4036.5,4037.5
4037.5,4038,4037,4037
4037,4037,4035,4035.5
4035,4035.5,4033.5,4035
4035,4035,4033.5,4033.5
4034,4034,4031,4032
4031.5,4031.5,4028,4029
4028.5,4030,4027.5,4028
4029,4031,4028,4030
4031,4032,4030,4031
4031,4031.5,4029,4029.5
4029.5,4030,4029,4029.5
4030,4030.5,4029.5,4030
4030,4031,4027.5,4027.5
